set,protocol,qid,slice,qtype,code,ndcg@10,recall@5,recall@10,mrr@10
dev,article,dev-gk-1004,seen,legal,gk,1.00000,1.00000,1.00000,1.00000
dev,article,dev-gk-1058,seen,search,gk,1.00000,1.00000,1.00000,1.00000
dev,article,dev-gk-1069,seen,search,gk,1.00000,1.00000,1.00000,1.00000
dev,article,dev-gk-1026,seen,everyday,gk,0.00000,0.00000,0.00000,0.00000
dev,article,dev-gk-1093,seen,legal,gk,1.00000,1.00000,1.00000,1.00000
dev,article,dev-gk-1123,seen,search,gk,1.00000,1.00000,1.00000,1.00000
dev,article,dev-gk-1118,seen,legal,gk,1.00000,1.00000,1.00000,1.00000
dev,article,dev-gk-1137,seen,search,gk,0.63093,1.00000,1.00000,0.50000
dev,article,dev-gk-1138,seen,legal,gk,1.00000,1.00000,1.00000,1.00000
dev,article,dev-gk-1150,seen,legal,gk,1.00000,1.00000,1.00000,1.00000
dev,article,dev-gk-1164,seen,everyday,gk,0.00000,0.00000,0.00000,0.00000
dev,article,dev-gk-1165,seen,legal,gk,1.00000,1.00000,1.00000,1.00000
dev,article,dev-gk-1172,seen,legal,gk,1.00000,1.00000,1.00000,1.00000
dev,article,dev-gk-1176,seen,search,gk,1.00000,1.00000,1.00000,1.00000
dev,article,dev-gk-12,seen,search,gk,1.00000,1.00000,1.00000,1.00000
dev,article,dev-gk-1191,seen,legal,gk,1.00000,1.00000,1.00000,1.00000
dev,article,dev-gk-1188,seen,everyday,gk,1.00000,1.00000,1.00000,1.00000
dev,article,dev-gk-1216.1,seen,legal,gk,1.00000,1.00000,1.00000,1.00000
dev,article,dev-gk-123.16-2,seen,legal,gk,1.00000,1.00000,1.00000,1.00000
dev,article,dev-gk-1228,seen,everyday,gk,0.43068,1.00000,1.00000,0.25000
dev,article,dev-gk-123.9,seen,legal,gk,1.00000,1.00000,1.00000,1.00000
dev,article,dev-gk-1232,seen,legal,gk,1.00000,1.00000,1.00000,1.00000
dev,article,dev-gk-125,seen,search,gk,1.00000,1.00000,1.00000,1.00000
dev,article,dev-gk-1240,seen,everyday,gk,0.33333,0.00000,1.00000,0.14286
dev,article,dev-gk-1289,seen,search,gk,1.00000,1.00000,1.00000,1.00000
dev,article,dev-gk-1307,seen,legal,gk,1.00000,1.00000,1.00000,1.00000
dev,article,dev-gk-1303,seen,everyday,gk,0.00000,0.00000,0.00000,0.00000
dev,article,dev-gk-1316,seen,legal,gk,1.00000,1.00000,1.00000,1.00000
dev,article,dev-gk-1355,seen,search,gk,1.00000,1.00000,1.00000,1.00000
dev,article,dev-gk-1336,seen,everyday,gk,1.00000,1.00000,1.00000,1.00000
dev,article,dev-gk-1317,seen,everyday,gk,0.31546,0.00000,1.00000,0.12500
dev,article,dev-gk-1383,seen,everyday,gk,1.00000,1.00000,1.00000,1.00000
dev,article,dev-gk-141.1,seen,legal,gk,1.00000,1.00000,1.00000,1.00000
dev,article,dev-gk-1429,seen,legal,gk,1.00000,1.00000,1.00000,1.00000
dev,article,dev-gk-1434,seen,legal,gk,1.00000,1.00000,1.00000,1.00000
dev,article,dev-gk-1469,seen,everyday,gk,1.00000,1.00000,1.00000,1.00000
dev,article,dev-gk-147.1,seen,legal,gk,1.00000,1.00000,1.00000,1.00000
dev,article,dev-gk-1482,seen,search,gk,1.00000,1.00000,1.00000,1.00000
dev,article,dev-gk-1489,seen,legal,gk,1.00000,1.00000,1.00000,1.00000
dev,article,dev-gk-1516,seen,legal,gk,1.00000,1.00000,1.00000,1.00000
dev,article,dev-gk-15,seen,everyday,gk,0.00000,0.00000,0.00000,0.00000
dev,article,dev-gk-152,seen,everyday,gk,0.63093,1.00000,1.00000,0.50000
dev,article,dev-gk-1522,seen,everyday,gk,1.00000,1.00000,1.00000,1.00000
dev,article,dev-gk-160,seen,everyday,gk,1.00000,1.00000,1.00000,1.00000
dev,article,dev-gk-174.1,seen,everyday,gk,0.28906,0.00000,1.00000,0.10000
dev,article,dev-gk-163,seen,everyday,gk,1.00000,1.00000,1.00000,1.00000
dev,article,dev-gk-197,seen,legal,gk,1.00000,1.00000,1.00000,1.00000
dev,article,dev-gk-21,seen,search,gk,1.00000,1.00000,1.00000,1.00000
dev,article,dev-gk-20,seen,everyday,gk,0.00000,0.00000,0.00000,0.00000
dev,article,dev-gk-214,seen,everyday,gk,0.50000,1.00000,1.00000,0.33333
dev,article,dev-gk-250,seen,search,gk,1.00000,1.00000,1.00000,1.00000
dev,article,dev-gk-253,seen,search,gk,1.00000,1.00000,1.00000,1.00000
dev,article,dev-gk-22,seen,everyday,gk,1.00000,1.00000,1.00000,1.00000
dev,article,dev-gk-232,seen,everyday,gk,1.00000,1.00000,1.00000,1.00000
dev,article,dev-gk-287.4,seen,search,gk,0.63093,1.00000,1.00000,0.50000
dev,article,dev-gk-258,seen,legal,gk,1.00000,1.00000,1.00000,1.00000
dev,article,dev-gk-319.1,seen,search,gk,0.38685,1.00000,1.00000,0.20000
dev,article,dev-gk-388.1,seen,search,gk,1.00000,1.00000,1.00000,1.00000
dev,article,dev-gk-428,seen,search,gk,1.00000,1.00000,1.00000,1.00000
dev,article,dev-gk-438,seen,search,gk,1.00000,1.00000,1.00000,1.00000
dev,article,dev-gk-452,seen,search,gk,1.00000,1.00000,1.00000,1.00000
dev,article,dev-gk-429.4,seen,legal,gk,1.00000,1.00000,1.00000,1.00000
dev,article,dev-gk-479,seen,search,gk,1.00000,1.00000,1.00000,1.00000
dev,article,dev-gk-470,seen,everyday,gk,0.00000,0.00000,0.00000,0.00000
dev,article,dev-gk-487,seen,everyday,gk,0.63093,1.00000,1.00000,0.50000
dev,article,dev-gk-499,seen,everyday,gk,1.00000,1.00000,1.00000,1.00000
dev,article,dev-gk-50.1,seen,legal,gk,1.00000,1.00000,1.00000,1.00000
dev,article,dev-gk-506,seen,search,gk,1.00000,1.00000,1.00000,1.00000
dev,article,dev-gk-502,seen,everyday,gk,1.00000,1.00000,1.00000,1.00000
dev,article,dev-gk-523,seen,legal,gk,1.00000,1.00000,1.00000,1.00000
dev,article,dev-gk-561,seen,search,gk,1.00000,1.00000,1.00000,1.00000
dev,article,dev-gk-563,seen,legal,gk,1.00000,1.00000,1.00000,1.00000
dev,article,dev-gk-564,seen,search,gk,0.63093,1.00000,1.00000,0.50000
dev,article,dev-gk-53.1,seen,everyday,gk,0.33333,0.00000,1.00000,0.14286
dev,article,dev-gk-586,seen,search,gk,1.00000,1.00000,1.00000,1.00000
dev,article,dev-gk-584,seen,search,gk,1.00000,1.00000,1.00000,1.00000
dev,article,dev-gk-616,seen,search,gk,1.00000,1.00000,1.00000,1.00000
dev,article,dev-gk-634,seen,search,gk,0.50000,1.00000,1.00000,0.33333
dev,article,dev-gk-62,seen,legal,gk,0.50000,1.00000,1.00000,0.33333
dev,article,dev-gk-682,seen,legal,gk,1.00000,1.00000,1.00000,1.00000
dev,article,dev-gk-730,seen,search,gk,1.00000,1.00000,1.00000,1.00000
dev,article,dev-gk-72,seen,legal,gk,1.00000,1.00000,1.00000,1.00000
dev,article,dev-gk-750,seen,legal,gk,1.00000,1.00000,1.00000,1.00000
dev,article,dev-gk-788,seen,search,gk,0.50000,1.00000,1.00000,0.33333
dev,article,dev-gk-761,seen,legal,gk,1.00000,1.00000,1.00000,1.00000
dev,article,dev-gk-789,seen,legal,gk,1.00000,1.00000,1.00000,1.00000
dev,article,dev-gk-774,seen,everyday,gk,1.00000,1.00000,1.00000,1.00000
dev,article,dev-gk-799,seen,everyday,gk,1.00000,1.00000,1.00000,1.00000
dev,article,dev-gk-800,seen,search,gk,1.00000,1.00000,1.00000,1.00000
dev,article,dev-gk-831,seen,legal,gk,0.63093,1.00000,1.00000,0.50000
dev,article,dev-gk-844,seen,legal,gk,1.00000,1.00000,1.00000,1.00000
dev,article,dev-gk-833,seen,everyday,gk,1.00000,1.00000,1.00000,1.00000
dev,article,dev-gk-845,seen,legal,gk,0.63093,1.00000,1.00000,0.50000
dev,article,dev-gk-848,seen,legal,gk,1.00000,1.00000,1.00000,1.00000
dev,article,dev-gk-853,seen,legal,gk,1.00000,1.00000,1.00000,1.00000
dev,article,dev-gk-860.2,seen,legal,gk,1.00000,1.00000,1.00000,1.00000
dev,article,dev-gk-861,seen,search,gk,1.00000,1.00000,1.00000,1.00000
dev,article,dev-gk-87,seen,search,gk,0.30103,0.00000,1.00000,0.11111
dev,article,dev-gk-896,seen,legal,gk,1.00000,1.00000,1.00000,1.00000
dev,article,dev-gk-891,seen,everyday,gk,0.50000,1.00000,1.00000,0.33333
dev,article,dev-gk-904,seen,everyday,gk,1.00000,1.00000,1.00000,1.00000
dev,article,dev-gk-905,seen,search,gk,1.00000,1.00000,1.00000,1.00000
dev,article,dev-gk-916,seen,legal,gk,1.00000,1.00000,1.00000,1.00000
dev,article,dev-gk-951,seen,everyday,gk,1.00000,1.00000,1.00000,1.00000
dev,article,dev-gk-979,seen,everyday,gk,1.00000,1.00000,1.00000,1.00000
dev,article,dev-koap-1.3,seen,everyday,koap,0.00000,0.00000,0.00000,0.00000
dev,article,dev-gk-980,seen,everyday,gk,0.50000,1.00000,1.00000,0.33333
dev,article,dev-koap-11.27,seen,search,koap,1.00000,1.00000,1.00000,1.00000
dev,article,dev-koap-11.30,seen,search,koap,1.00000,1.00000,1.00000,1.00000
dev,article,dev-koap-11.10,seen,everyday,koap,1.00000,1.00000,1.00000,1.00000
dev,article,dev-koap-11.8,seen,legal,koap,1.00000,1.00000,1.00000,1.00000
dev,article,dev-koap-12.10,seen,everyday,koap,1.00000,1.00000,1.00000,1.00000
dev,article,dev-koap-12.6,seen,everyday,koap,1.00000,1.00000,1.00000,1.00000
dev,article,dev-koap-12.9,seen,legal,koap,1.00000,1.00000,1.00000,1.00000
dev,article,dev-koap-13.27.1,seen,legal,koap,1.00000,1.00000,1.00000,1.00000
dev,article,dev-koap-13.19.2,seen,everyday,koap,1.00000,1.00000,1.00000,1.00000
dev,article,dev-koap-14.17.1,seen,search,koap,0.63093,1.00000,1.00000,0.50000
dev,article,dev-koap-13.40.1,seen,legal,koap,1.00000,1.00000,1.00000,1.00000
dev,article,dev-koap-14.4.4,seen,search,koap,1.00000,1.00000,1.00000,1.00000
dev,article,dev-koap-14.3,seen,everyday,koap,0.00000,0.00000,0.00000,0.00000
dev,article,dev-koap-14.36,seen,everyday,koap,1.00000,1.00000,1.00000,1.00000
dev,article,dev-koap-14.53.1,seen,search,koap,1.00000,1.00000,1.00000,1.00000
dev,article,dev-koap-15.36,seen,search,koap,1.00000,1.00000,1.00000,1.00000
dev,article,dev-koap-15.26.1,seen,legal,koap,1.00000,1.00000,1.00000,1.00000
dev,article,dev-koap-15.33.2,seen,legal,koap,1.00000,1.00000,1.00000,1.00000
dev,article,dev-koap-15.46,seen,legal,koap,1.00000,1.00000,1.00000,1.00000
dev,article,dev-koap-16.12,seen,search,koap,1.00000,1.00000,1.00000,1.00000
dev,article,dev-koap-17.7,seen,everyday,koap,1.00000,1.00000,1.00000,1.00000
dev,article,dev-koap-16.13,seen,legal,koap,1.00000,1.00000,1.00000,1.00000
dev,article,dev-koap-18.11,seen,everyday,koap,1.00000,1.00000,1.00000,1.00000
dev,article,dev-koap-18.21,seen,search,koap,1.00000,1.00000,1.00000,1.00000
dev,article,dev-koap-18.6,seen,search,koap,1.00000,1.00000,1.00000,1.00000
dev,article,dev-koap-19.17,seen,search,koap,1.00000,1.00000,1.00000,1.00000
dev,article,dev-koap-18.14,seen,everyday,koap,1.00000,1.00000,1.00000,1.00000
dev,article,dev-koap-19.31,seen,legal,koap,1.00000,1.00000,1.00000,1.00000
dev,article,dev-koap-2.6,seen,everyday,koap,0.00000,0.00000,0.00000,0.00000
dev,article,dev-koap-2.7,seen,everyday,koap,0.00000,0.00000,0.00000,0.00000
dev,article,dev-koap-20.15,seen,everyday,koap,0.35621,0.00000,1.00000,0.16667
dev,article,dev-koap-20.19,seen,legal,koap,1.00000,1.00000,1.00000,1.00000
dev,article,dev-koap-21.2,seen,search,koap,1.00000,1.00000,1.00000,1.00000
dev,article,dev-koap-20.9,seen,everyday,koap,1.00000,1.00000,1.00000,1.00000
dev,article,dev-koap-20.2.2,seen,everyday,koap,1.00000,1.00000,1.00000,1.00000
dev,article,dev-koap-21.7,seen,legal,koap,1.00000,1.00000,1.00000,1.00000
dev,article,dev-koap-23.29,seen,search,koap,1.00000,1.00000,1.00000,1.00000
dev,article,dev-koap-23.22,seen,everyday,koap,0.63093,1.00000,1.00000,0.50000
dev,article,dev-koap-23.68,seen,search,koap,0.00000,0.00000,0.00000,0.00000
dev,article,dev-koap-23.4,seen,legal,koap,1.00000,1.00000,1.00000,1.00000
dev,article,dev-koap-23.7.2,seen,search,koap,1.00000,1.00000,1.00000,1.00000
dev,article,dev-koap-23.74,seen,search,koap,1.00000,1.00000,1.00000,1.00000
dev,article,dev-koap-23.93,seen,everyday,koap,1.00000,1.00000,1.00000,1.00000
dev,article,dev-koap-23.98,seen,legal,koap,1.00000,1.00000,1.00000,1.00000
dev,article,dev-koap-26.7,seen,search,koap,1.00000,1.00000,1.00000,1.00000
dev,article,dev-koap-26.6,seen,legal,koap,1.00000,1.00000,1.00000,1.00000
dev,article,dev-koap-25.9,seen,everyday,koap,1.00000,1.00000,1.00000,1.00000
dev,article,dev-koap-28.6,seen,search,koap,0.50000,1.00000,1.00000,0.33333
dev,article,dev-koap-29.1.6,seen,legal,koap,1.00000,1.00000,1.00000,1.00000
dev,article,dev-koap-29.10,seen,everyday,koap,0.00000,0.00000,0.00000,0.00000
dev,article,dev-koap-31.12,seen,search,koap,1.00000,1.00000,1.00000,1.00000
dev,article,dev-koap-30.9,seen,everyday,koap,0.38685,1.00000,1.00000,0.20000
dev,article,dev-koap-32.12,seen,search,koap,1.00000,1.00000,1.00000,1.00000
dev,article,dev-koap-5.1,seen,legal,koap,1.00000,1.00000,1.00000,1.00000
dev,article,dev-koap-5.17,seen,legal,koap,1.00000,1.00000,1.00000,1.00000
dev,article,dev-koap-5.22,seen,legal,koap,1.00000,1.00000,1.00000,1.00000
dev,article,dev-koap-5.33,seen,search,koap,1.00000,1.00000,1.00000,1.00000
dev,article,dev-koap-5.31,seen,legal,koap,1.00000,1.00000,1.00000,1.00000
dev,article,dev-koap-5.6,seen,search,koap,0.00000,0.00000,0.00000,0.00000
dev,article,dev-koap-7.28,seen,everyday,koap,1.00000,1.00000,1.00000,1.00000
dev,article,dev-koap-7.30.3,seen,search,koap,0.63093,1.00000,1.00000,0.50000
dev,article,dev-koap-7.30.6,seen,everyday,koap,1.00000,1.00000,1.00000,1.00000
dev,article,dev-koap-8.12,seen,search,koap,0.63093,1.00000,1.00000,0.50000
dev,article,dev-koap-8.49,seen,search,koap,0.00000,0.00000,0.00000,0.00000
dev,article,dev-koap-7.33,seen,everyday,koap,0.63093,1.00000,1.00000,0.50000
dev,article,dev-koap-8.53,seen,legal,koap,1.00000,1.00000,1.00000,1.00000
dev,article,dev-koap-8.7,seen,legal,koap,1.00000,1.00000,1.00000,1.00000
dev,article,dev-tk-115,seen,legal,tk,1.00000,1.00000,1.00000,1.00000
dev,article,dev-tk-15,seen,search,tk,1.00000,1.00000,1.00000,1.00000
dev,article,dev-tk-105,seen,everyday,tk,1.00000,1.00000,1.00000,1.00000
dev,article,dev-tk-168.1,seen,search,tk,1.00000,1.00000,1.00000,1.00000
dev,article,dev-tk-163,seen,everyday,tk,0.35621,0.00000,1.00000,0.16667
dev,article,dev-tk-167,seen,everyday,tk,1.00000,1.00000,1.00000,1.00000
dev,article,dev-tk-185.1,seen,search,tk,1.00000,1.00000,1.00000,1.00000
dev,article,dev-tk-188,seen,search,tk,1.00000,1.00000,1.00000,1.00000
dev,article,dev-tk-182,seen,everyday,tk,1.00000,1.00000,1.00000,1.00000
dev,article,dev-tk-227,seen,search,tk,0.50000,1.00000,1.00000,0.33333
dev,article,dev-tk-22.1,seen,legal,tk,1.00000,1.00000,1.00000,1.00000
dev,article,dev-tk-228.1,seen,search,tk,1.00000,1.00000,1.00000,1.00000
dev,article,dev-tk-241,seen,legal,tk,1.00000,1.00000,1.00000,1.00000
dev,article,dev-tk-252,seen,search,tk,0.50000,1.00000,1.00000,0.33333
dev,article,dev-tk-315,seen,legal,tk,0.31546,0.00000,1.00000,0.12500
dev,article,dev-tk-312.7,seen,legal,tk,1.00000,1.00000,1.00000,1.00000
dev,article,dev-tk-262.2,seen,everyday,tk,1.00000,1.00000,1.00000,1.00000
dev,article,dev-tk-335,seen,search,tk,1.00000,1.00000,1.00000,1.00000
dev,article,dev-tk-330.5,seen,legal,tk,1.00000,1.00000,1.00000,1.00000
dev,article,dev-tk-330.2,seen,everyday,tk,1.00000,1.00000,1.00000,1.00000
dev,article,dev-tk-340,seen,legal,tk,1.00000,1.00000,1.00000,1.00000
dev,article,dev-tk-341.2-1,seen,legal,tk,0.63093,1.00000,1.00000,0.50000
dev,article,dev-tk-341,seen,everyday,tk,1.00000,1.00000,1.00000,1.00000
dev,article,dev-tk-343,seen,everyday,tk,1.00000,1.00000,1.00000,1.00000
dev,article,dev-tk-349.3,seen,everyday,tk,0.63093,1.00000,1.00000,0.50000
dev,article,dev-tk-368,seen,legal,tk,1.00000,1.00000,1.00000,1.00000
dev,article,dev-tk-381,seen,search,tk,1.00000,1.00000,1.00000,1.00000
dev,article,dev-tk-392,seen,legal,tk,1.00000,1.00000,1.00000,1.00000
dev,article,dev-tk-42,seen,legal,tk,1.00000,1.00000,1.00000,1.00000
dev,article,dev-tk-43,seen,everyday,tk,1.00000,1.00000,1.00000,1.00000
dev,article,dev-tk-5,seen,search,tk,0.00000,0.00000,0.00000,0.00000
dev,article,dev-tk-45,seen,everyday,tk,0.63093,1.00000,1.00000,0.50000
dev,article,dev-zhk-119,seen,search,zhk,0.63093,1.00000,1.00000,0.50000
dev,article,dev-zhk-10,seen,everyday,zhk,0.00000,0.00000,0.00000,0.00000
dev,article,dev-zhk-133,seen,search,zhk,1.00000,1.00000,1.00000,1.00000
dev,article,dev-tk-88,seen,everyday,tk,1.00000,1.00000,1.00000,1.00000
dev,article,dev-zhk-149,seen,search,zhk,0.50000,1.00000,1.00000,0.33333
dev,article,dev-zhk-168,seen,search,zhk,0.63093,1.00000,1.00000,0.50000
dev,article,dev-zhk-187,seen,search,zhk,1.00000,1.00000,1.00000,1.00000
dev,article,dev-zhk-170,seen,everyday,zhk,0.35621,0.00000,1.00000,0.16667
dev,article,dev-zhk-172,seen,everyday,zhk,1.00000,1.00000,1.00000,1.00000
dev,article,dev-zhk-47,seen,search,zhk,0.50000,1.00000,1.00000,0.33333
dev,article,dev-zhk-198,seen,legal,zhk,1.00000,1.00000,1.00000,1.00000
dev,article,dev-zhk-26,seen,legal,zhk,1.00000,1.00000,1.00000,1.00000
dev,article,dev-zhk-93,seen,search,zhk,0.63093,1.00000,1.00000,0.50000
dev,article,dev-zhk-48,seen,everyday,zhk,1.00000,1.00000,1.00000,1.00000
dev,article,dev-zhk-74,seen,everyday,zhk,0.63093,1.00000,1.00000,0.50000
dev,article,dev-zhk-98.1,seen,legal,zhk,1.00000,1.00000,1.00000,1.00000
dev,article,dev-gk-1173,unseen_articles,search,gk,1.00000,1.00000,1.00000,1.00000
dev,article,dev-gk-1206,unseen_articles,search,gk,0.31546,0.00000,1.00000,0.12500
dev,article,dev-gk-1347,unseen_articles,search,gk,1.00000,1.00000,1.00000,1.00000
dev,article,dev-gk-1257,unseen_articles,legal,gk,1.00000,1.00000,1.00000,1.00000
dev,article,dev-gk-1279,unseen_articles,search,gk,1.00000,1.00000,1.00000,1.00000
dev,article,dev-gk-141.2,unseen_articles,everyday,gk,0.35621,0.00000,1.00000,0.16667
dev,article,dev-gk-1360.1,unseen_articles,everyday,gk,1.00000,1.00000,1.00000,1.00000
dev,article,dev-gk-1379,unseen_articles,everyday,gk,1.00000,1.00000,1.00000,1.00000
dev,article,dev-gk-149.3,unseen_articles,search,gk,0.38685,1.00000,1.00000,0.20000
dev,article,dev-gk-1524,unseen_articles,search,gk,0.43068,1.00000,1.00000,0.25000
dev,article,dev-gk-155,unseen_articles,legal,gk,1.00000,1.00000,1.00000,1.00000
dev,article,dev-gk-244,unseen_articles,legal,gk,1.00000,1.00000,1.00000,1.00000
dev,article,dev-gk-271,unseen_articles,legal,gk,1.00000,1.00000,1.00000,1.00000
dev,article,dev-gk-33,unseen_articles,legal,gk,0.38685,1.00000,1.00000,0.20000
dev,article,dev-gk-32,unseen_articles,everyday,gk,0.43068,1.00000,1.00000,0.25000
dev,article,dev-gk-358.1,unseen_articles,legal,gk,1.00000,1.00000,1.00000,1.00000
dev,article,dev-gk-475,unseen_articles,search,gk,0.63093,1.00000,1.00000,0.50000
dev,article,dev-gk-358.3,unseen_articles,everyday,gk,1.00000,1.00000,1.00000,1.00000
dev,article,dev-gk-48,unseen_articles,everyday,gk,1.00000,1.00000,1.00000,1.00000
dev,article,dev-gk-516,unseen_articles,legal,gk,1.00000,1.00000,1.00000,1.00000
dev,article,dev-gk-496,unseen_articles,everyday,gk,0.50000,1.00000,1.00000,0.33333
dev,article,dev-gk-533,unseen_articles,search,gk,0.63093,1.00000,1.00000,0.50000
dev,article,dev-gk-589,unseen_articles,search,gk,1.00000,1.00000,1.00000,1.00000
dev,article,dev-gk-686,unseen_articles,everyday,gk,0.63093,1.00000,1.00000,0.50000
dev,article,dev-gk-66.3,unseen_articles,everyday,gk,0.00000,0.00000,0.00000,0.00000
dev,article,dev-gk-764,unseen_articles,search,gk,1.00000,1.00000,1.00000,1.00000
dev,article,dev-gk-734,unseen_articles,everyday,gk,1.00000,1.00000,1.00000,1.00000
dev,article,dev-gk-8.1,unseen_articles,everyday,gk,0.43068,1.00000,1.00000,0.25000
dev,article,dev-gk-843,unseen_articles,search,gk,1.00000,1.00000,1.00000,1.00000
dev,article,dev-gk-834,unseen_articles,legal,gk,1.00000,1.00000,1.00000,1.00000
dev,article,dev-gk-859.1,unseen_articles,everyday,gk,1.00000,1.00000,1.00000,1.00000
dev,article,dev-gk-875,unseen_articles,everyday,gk,0.28906,0.00000,1.00000,0.10000
dev,article,dev-gk-884,unseen_articles,legal,gk,1.00000,1.00000,1.00000,1.00000
dev,article,dev-gk-944,unseen_articles,search,gk,0.63093,1.00000,1.00000,0.50000
dev,article,dev-gk-969,unseen_articles,legal,gk,1.00000,1.00000,1.00000,1.00000
dev,article,dev-gk-94,unseen_articles,legal,gk,1.00000,1.00000,1.00000,1.00000
dev,article,dev-koap-1.2,unseen_articles,legal,koap,1.00000,1.00000,1.00000,1.00000
dev,article,dev-koap-11.8.1,unseen_articles,legal,koap,1.00000,1.00000,1.00000,1.00000
dev,article,dev-koap-13.19.5,unseen_articles,search,koap,0.00000,0.00000,0.00000,0.00000
dev,article,dev-koap-11.14,unseen_articles,everyday,koap,0.63093,1.00000,1.00000,0.50000
dev,article,dev-koap-13.10,unseen_articles,everyday,koap,1.00000,1.00000,1.00000,1.00000
dev,article,dev-koap-13.28,unseen_articles,search,koap,1.00000,1.00000,1.00000,1.00000
dev,article,dev-koap-13.33,unseen_articles,search,koap,1.00000,1.00000,1.00000,1.00000
dev,article,dev-koap-14.10,unseen_articles,everyday,koap,0.50000,1.00000,1.00000,0.33333
dev,article,dev-koap-15.13,unseen_articles,legal,koap,1.00000,1.00000,1.00000,1.00000
dev,article,dev-koap-16.4,unseen_articles,legal,koap,1.00000,1.00000,1.00000,1.00000
dev,article,dev-koap-15.37.1,unseen_articles,everyday,koap,1.00000,1.00000,1.00000,1.00000
dev,article,dev-koap-19.21,unseen_articles,search,koap,1.00000,1.00000,1.00000,1.00000
dev,article,dev-koap-19.18,unseen_articles,everyday,koap,1.00000,1.00000,1.00000,1.00000
dev,article,dev-koap-19.6,unseen_articles,legal,koap,1.00000,1.00000,1.00000,1.00000
dev,article,dev-koap-19.8.1,unseen_articles,search,koap,0.00000,0.00000,0.00000,0.00000
dev,article,dev-koap-19.7.5-1,unseen_articles,legal,koap,1.00000,1.00000,1.00000,1.00000
dev,article,dev-koap-20.10,unseen_articles,everyday,koap,1.00000,1.00000,1.00000,1.00000
dev,article,dev-koap-23.28,unseen_articles,search,koap,1.00000,1.00000,1.00000,1.00000
dev,article,dev-koap-23.77,unseen_articles,legal,koap,1.00000,1.00000,1.00000,1.00000
dev,article,dev-koap-27.1,unseen_articles,search,koap,1.00000,1.00000,1.00000,1.00000
dev,article,dev-koap-5.66,unseen_articles,everyday,koap,0.50000,1.00000,1.00000,0.33333
dev,article,dev-koap-8.24,unseen_articles,everyday,koap,0.50000,1.00000,1.00000,0.33333
dev,article,dev-tk-151,unseen_articles,search,tk,1.00000,1.00000,1.00000,1.00000
dev,article,dev-tk-134,unseen_articles,legal,tk,1.00000,1.00000,1.00000,1.00000
dev,article,dev-tk-154,unseen_articles,search,tk,1.00000,1.00000,1.00000,1.00000
dev,article,dev-tk-311,unseen_articles,search,tk,0.63093,1.00000,1.00000,0.50000
dev,article,dev-tk-321,unseen_articles,everyday,tk,1.00000,1.00000,1.00000,1.00000
dev,article,dev-tk-328.1,unseen_articles,legal,tk,0.43068,1.00000,1.00000,0.25000
dev,article,dev-tk-336,unseen_articles,legal,tk,1.00000,1.00000,1.00000,1.00000
dev,article,dev-tk-46,unseen_articles,legal,tk,1.00000,1.00000,1.00000,1.00000
dev,article,dev-tk-60.2,unseen_articles,legal,tk,1.00000,1.00000,1.00000,1.00000
dev,article,dev-tk-47,unseen_articles,everyday,tk,0.38685,1.00000,1.00000,0.20000
dev,article,dev-zhk-118,unseen_articles,search,zhk,0.63093,1.00000,1.00000,0.50000
dev,article,dev-tk-84,unseen_articles,legal,tk,0.50000,1.00000,1.00000,0.33333
dev,article,dev-zhk-152,unseen_articles,legal,zhk,1.00000,1.00000,1.00000,1.00000
dev,article,dev-zhk-20,unseen_articles,search,zhk,1.00000,1.00000,1.00000,1.00000
dev,article,dev-zhk-22,unseen_articles,search,zhk,1.00000,1.00000,1.00000,1.00000
dev,article,dev-zhk-91.1,unseen_articles,everyday,zhk,0.38685,1.00000,1.00000,0.20000
test,article,test-gk-1,seen,search,gk,1.00000,1.00000,1.00000,1.00000
test,article,test-gk-1017,seen,legal,gk,1.00000,1.00000,1.00000,1.00000
test,article,test-gk-1049,seen,search,gk,1.00000,1.00000,1.00000,1.00000
test,article,test-gk-1000,seen,everyday,gk,0.63093,1.00000,1.00000,0.50000
test,article,test-gk-1056,seen,search,gk,1.00000,1.00000,1.00000,1.00000
test,article,test-gk-1046,seen,everyday,gk,1.00000,1.00000,1.00000,1.00000
test,article,test-gk-1070,seen,legal,gk,1.00000,1.00000,1.00000,1.00000
test,article,test-gk-1077,seen,legal,gk,1.00000,1.00000,1.00000,1.00000
test,article,test-gk-1075,seen,everyday,gk,1.00000,1.00000,1.00000,1.00000
test,article,test-gk-1090,seen,search,gk,1.00000,1.00000,1.00000,1.00000
test,article,test-gk-1085,seen,everyday,gk,0.63093,1.00000,1.00000,0.50000
test,article,test-gk-1079,seen,everyday,gk,0.00000,0.00000,0.00000,0.00000
test,article,test-gk-1143,seen,legal,gk,1.00000,1.00000,1.00000,1.00000
test,article,test-gk-1157,seen,legal,gk,1.00000,1.00000,1.00000,1.00000
test,article,test-gk-1144,seen,everyday,gk,0.50000,1.00000,1.00000,0.33333
test,article,test-gk-1221,seen,legal,gk,1.00000,1.00000,1.00000,1.00000
test,article,test-gk-123.1,seen,search,gk,0.50000,1.00000,1.00000,0.33333
test,article,test-gk-123.20-5,seen,search,gk,1.00000,1.00000,1.00000,1.00000
test,article,test-gk-123.11,seen,everyday,gk,1.00000,1.00000,1.00000,1.00000
test,article,test-gk-123.16-3,seen,everyday,gk,1.00000,1.00000,1.00000,1.00000
test,article,test-gk-1237,seen,search,gk,1.00000,1.00000,1.00000,1.00000
test,article,test-gk-1231,seen,legal,gk,1.00000,1.00000,1.00000,1.00000
test,article,test-gk-1236,seen,everyday,gk,0.43068,1.00000,1.00000,0.25000
test,article,test-gk-1241,seen,search,gk,1.00000,1.00000,1.00000,1.00000
test,article,test-gk-1278,seen,search,gk,1.00000,1.00000,1.00000,1.00000
test,article,test-gk-1276,seen,everyday,gk,0.00000,0.00000,0.00000,0.00000
test,article,test-gk-1287,seen,legal,gk,1.00000,1.00000,1.00000,1.00000
test,article,test-gk-1296,seen,legal,gk,1.00000,1.00000,1.00000,1.00000
test,article,test-gk-13,seen,legal,gk,1.00000,1.00000,1.00000,1.00000
test,article,test-gk-1300,seen,everyday,gk,1.00000,1.00000,1.00000,1.00000
test,article,test-gk-1321,seen,everyday,gk,0.35621,0.00000,1.00000,0.16667
test,article,test-gk-1328,seen,everyday,gk,0.43068,1.00000,1.00000,0.25000
test,article,test-gk-133.1,seen,legal,gk,1.00000,1.00000,1.00000,1.00000
test,article,test-gk-1331,seen,search,gk,1.00000,1.00000,1.00000,1.00000
test,article,test-gk-1357,seen,legal,gk,1.00000,1.00000,1.00000,1.00000
test,article,test-gk-1359,seen,everyday,gk,0.00000,0.00000,0.00000,0.00000
test,article,test-gk-1369,seen,everyday,gk,1.00000,1.00000,1.00000,1.00000
test,article,test-gk-1373,seen,legal,gk,0.00000,0.00000,0.00000,0.00000
test,article,test-gk-1398,seen,everyday,gk,0.38685,1.00000,1.00000,0.20000
test,article,test-gk-1418,seen,everyday,gk,0.43068,1.00000,1.00000,0.25000
test,article,test-gk-1447,seen,legal,gk,1.00000,1.00000,1.00000,1.00000
test,article,test-gk-1427,seen,legal,gk,0.43068,1.00000,1.00000,0.25000
test,article,test-gk-1471,seen,search,gk,0.50000,1.00000,1.00000,0.33333
test,article,test-gk-1474,seen,search,gk,1.00000,1.00000,1.00000,1.00000
test,article,test-gk-1483,seen,search,gk,1.00000,1.00000,1.00000,1.00000
test,article,test-gk-1494,seen,search,gk,1.00000,1.00000,1.00000,1.00000
test,article,test-gk-1501,seen,legal,gk,1.00000,1.00000,1.00000,1.00000
test,article,test-gk-1504,seen,legal,gk,1.00000,1.00000,1.00000,1.00000
test,article,test-gk-1496,seen,legal,gk,1.00000,1.00000,1.00000,1.00000
test,article,test-gk-1525,seen,legal,gk,1.00000,1.00000,1.00000,1.00000
test,article,test-gk-169,seen,search,gk,1.00000,1.00000,1.00000,1.00000
test,article,test-gk-1523,seen,everyday,gk,1.00000,1.00000,1.00000,1.00000
test,article,test-gk-177,seen,search,gk,0.63093,1.00000,1.00000,0.50000
test,article,test-gk-178,seen,search,gk,1.00000,1.00000,1.00000,1.00000
test,article,test-gk-181.3,seen,legal,gk,1.00000,1.00000,1.00000,1.00000
test,article,test-gk-188,seen,search,gk,1.00000,1.00000,1.00000,1.00000
test,article,test-gk-183,seen,legal,gk,1.00000,1.00000,1.00000,1.00000
test,article,test-gk-189,seen,search,gk,1.00000,1.00000,1.00000,1.00000
test,article,test-gk-199,seen,search,gk,0.43068,1.00000,1.00000,0.25000
test,article,test-gk-23,seen,legal,gk,1.00000,1.00000,1.00000,1.00000
test,article,test-gk-237,seen,everyday,gk,0.43068,1.00000,1.00000,0.25000
test,article,test-gk-239,seen,search,gk,1.00000,1.00000,1.00000,1.00000
test,article,test-gk-233,seen,everyday,gk,0.50000,1.00000,1.00000,0.33333
test,article,test-gk-239.2,seen,legal,gk,0.63093,1.00000,1.00000,0.50000
test,article,test-gk-264,seen,legal,gk,1.00000,1.00000,1.00000,1.00000
test,article,test-gk-274,seen,legal,gk,1.00000,1.00000,1.00000,1.00000
test,article,test-gk-287.5,seen,search,gk,1.00000,1.00000,1.00000,1.00000
test,article,test-gk-277,seen,everyday,gk,0.00000,0.00000,0.00000,0.00000
test,article,test-gk-284,seen,everyday,gk,0.00000,0.00000,0.00000,0.00000
test,article,test-gk-298,seen,everyday,gk,0.00000,0.00000,0.00000,0.00000
test,article,test-gk-299,seen,search,gk,1.00000,1.00000,1.00000,1.00000
test,article,test-gk-322,seen,search,gk,1.00000,1.00000,1.00000,1.00000
test,article,test-gk-308,seen,everyday,gk,0.43068,1.00000,1.00000,0.25000
test,article,test-gk-328,seen,everyday,gk,0.00000,0.00000,0.00000,0.00000
test,article,test-gk-333,seen,legal,gk,1.00000,1.00000,1.00000,1.00000
test,article,test-gk-354,seen,legal,gk,1.00000,1.00000,1.00000,1.00000
test,article,test-gk-358.14,seen,search,gk,1.00000,1.00000,1.00000,1.00000
test,article,test-gk-356,seen,legal,gk,1.00000,1.00000,1.00000,1.00000
test,article,test-gk-358.6,seen,search,gk,1.00000,1.00000,1.00000,1.00000
test,article,test-gk-360,seen,search,gk,1.00000,1.00000,1.00000,1.00000
test,article,test-gk-358.7,seen,legal,gk,1.00000,1.00000,1.00000,1.00000
test,article,test-gk-368,seen,search,gk,0.50000,1.00000,1.00000,0.33333
test,article,test-gk-37,seen,search,gk,1.00000,1.00000,1.00000,1.00000
test,article,test-gk-384,seen,search,gk,0.63093,1.00000,1.00000,0.50000
test,article,test-gk-392.3,seen,search,gk,1.00000,1.00000,1.00000,1.00000
test,article,test-gk-396,seen,legal,gk,1.00000,1.00000,1.00000,1.00000
test,article,test-gk-403,seen,legal,gk,1.00000,1.00000,1.00000,1.00000
test,article,test-gk-399,seen,everyday,gk,1.00000,1.00000,1.00000,1.00000
test,article,test-gk-42,seen,legal,gk,1.00000,1.00000,1.00000,1.00000
test,article,test-gk-406.1,seen,everyday,gk,1.00000,1.00000,1.00000,1.00000
test,article,test-gk-469,seen,search,gk,1.00000,1.00000,1.00000,1.00000
test,article,test-gk-45,seen,everyday,gk,1.00000,1.00000,1.00000,1.00000
test,article,test-gk-547,seen,search,gk,1.00000,1.00000,1.00000,1.00000
test,article,test-gk-542,seen,everyday,gk,1.00000,1.00000,1.00000,1.00000
test,article,test-gk-550,seen,legal,gk,1.00000,1.00000,1.00000,1.00000
test,article,test-gk-606,seen,search,gk,1.00000,1.00000,1.00000,1.00000
test,article,test-gk-57,seen,legal,gk,0.63093,1.00000,1.00000,0.50000
test,article,test-gk-610,seen,search,gk,1.00000,1.00000,1.00000,1.00000
test,article,test-gk-624,seen,search,gk,1.00000,1.00000,1.00000,1.00000
test,article,test-gk-638,seen,search,gk,0.63093,1.00000,1.00000,0.50000
test,article,test-gk-63,seen,everyday,gk,0.43068,1.00000,1.00000,0.25000
test,article,test-gk-636,seen,legal,gk,1.00000,1.00000,1.00000,1.00000
test,article,test-gk-64.2,seen,search,gk,1.00000,1.00000,1.00000,1.00000
test,article,test-gk-651,seen,search,gk,1.00000,1.00000,1.00000,1.00000
test,article,test-gk-65.3,seen,legal,gk,1.00000,1.00000,1.00000,1.00000
test,article,test-gk-67.1,seen,search,gk,1.00000,1.00000,1.00000,1.00000
test,article,test-gk-690,seen,search,gk,0.43068,1.00000,1.00000,0.25000
test,article,test-gk-692,seen,search,gk,1.00000,1.00000,1.00000,1.00000
test,article,test-gk-683,seen,legal,gk,1.00000,1.00000,1.00000,1.00000
test,article,test-gk-722,seen,legal,gk,1.00000,1.00000,1.00000,1.00000
test,article,test-gk-695,seen,everyday,gk,0.00000,0.00000,0.00000,0.00000
test,article,test-gk-745,seen,everyday,gk,0.63093,1.00000,1.00000,0.50000
test,article,test-gk-763,seen,legal,gk,0.63093,1.00000,1.00000,0.50000
test,article,test-gk-747,seen,everyday,gk,1.00000,1.00000,1.00000,1.00000
test,article,test-gk-777,seen,search,gk,1.00000,1.00000,1.00000,1.00000
test,article,test-gk-818,seen,everyday,gk,1.00000,1.00000,1.00000,1.00000
test,article,test-gk-808,seen,legal,gk,1.00000,1.00000,1.00000,1.00000
test,article,test-gk-782,seen,everyday,gk,0.43068,1.00000,1.00000,0.25000
test,article,test-gk-858,seen,search,gk,1.00000,1.00000,1.00000,1.00000
test,article,test-gk-846,seen,everyday,gk,1.00000,1.00000,1.00000,1.00000
test,article,test-gk-860.11,seen,everyday,gk,0.00000,0.00000,0.00000,0.00000
test,article,test-gk-860.13,seen,search,gk,1.00000,1.00000,1.00000,1.00000
test,article,test-gk-860.5,seen,search,gk,1.00000,1.00000,1.00000,1.00000
test,article,test-gk-864,seen,search,gk,1.00000,1.00000,1.00000,1.00000
test,article,test-gk-860.14,seen,legal,gk,1.00000,1.00000,1.00000,1.00000
test,article,test-gk-88,seen,search,gk,1.00000,1.00000,1.00000,1.00000
test,article,test-gk-883,seen,search,gk,1.00000,1.00000,1.00000,1.00000
test,article,test-gk-866,seen,search,gk,1.00000,1.00000,1.00000,1.00000
test,article,test-gk-889,seen,legal,gk,1.00000,1.00000,1.00000,1.00000
test,article,test-gk-907,seen,legal,gk,1.00000,1.00000,1.00000,1.00000
test,article,test-gk-899,seen,everyday,gk,1.00000,1.00000,1.00000,1.00000
test,article,test-gk-920,seen,search,gk,1.00000,1.00000,1.00000,1.00000
test,article,test-gk-935,seen,search,gk,1.00000,1.00000,1.00000,1.00000
test,article,test-gk-93,seen,legal,gk,0.63093,1.00000,1.00000,0.50000
test,article,test-gk-926.3,seen,legal,gk,1.00000,1.00000,1.00000,1.00000
test,article,test-gk-96,seen,search,gk,1.00000,1.00000,1.00000,1.00000
test,article,test-gk-960,seen,everyday,gk,1.00000,1.00000,1.00000,1.00000
test,article,test-gk-990,seen,legal,gk,0.63093,1.00000,1.00000,0.50000
test,article,test-gk-978,seen,everyday,gk,0.00000,0.00000,0.00000,0.00000
test,article,test-gk-994,seen,search,gk,1.00000,1.00000,1.00000,1.00000
test,article,test-gk-995,seen,search,gk,1.00000,1.00000,1.00000,1.00000
test,article,test-koap-1.8,seen,search,koap,1.00000,1.00000,1.00000,1.00000
test,article,test-koap-11.13,seen,legal,koap,1.00000,1.00000,1.00000,1.00000
test,article,test-koap-11.4,seen,search,koap,1.00000,1.00000,1.00000,1.00000
test,article,test-koap-11.6.1,seen,legal,koap,0.63093,1.00000,1.00000,0.50000
test,article,test-koap-12.21.3,seen,search,koap,1.00000,1.00000,1.00000,1.00000
test,article,test-koap-12.30,seen,legal,koap,1.00000,1.00000,1.00000,1.00000
test,article,test-koap-12.4,seen,search,koap,1.00000,1.00000,1.00000,1.00000
test,article,test-koap-13.15,seen,search,koap,0.00000,0.00000,0.00000,0.00000
test,article,test-koap-13.23,seen,legal,koap,1.00000,1.00000,1.00000,1.00000
test,article,test-koap-13.44,seen,legal,koap,1.00000,1.00000,1.00000,1.00000
test,article,test-koap-13.33.1,seen,everyday,koap,0.63093,1.00000,1.00000,0.50000
test,article,test-koap-13.56,seen,search,koap,0.00000,0.00000,0.00000,0.00000
test,article,test-koap-13.45,seen,everyday,koap,0.43068,1.00000,1.00000,0.25000
test,article,test-koap-14.13,seen,legal,koap,0.50000,1.00000,1.00000,0.33333
test,article,test-koap-14.17.3,seen,search,koap,1.00000,1.00000,1.00000,1.00000
test,article,test-koap-14.33,seen,search,koap,1.00000,1.00000,1.00000,1.00000
test,article,test-koap-14.38,seen,search,koap,1.00000,1.00000,1.00000,1.00000
test,article,test-koap-14.46.2,seen,legal,koap,0.63093,1.00000,1.00000,0.50000
test,article,test-koap-14.56.1,seen,legal,koap,1.00000,1.00000,1.00000,1.00000
test,article,test-koap-14.52,seen,everyday,koap,1.00000,1.00000,1.00000,1.00000
test,article,test-koap-15.11,seen,everyday,koap,1.00000,1.00000,1.00000,1.00000
test,article,test-koap-15.15,seen,everyday,koap,0.63093,1.00000,1.00000,0.50000
test,article,test-koap-15.27.3,seen,legal,koap,1.00000,1.00000,1.00000,1.00000
test,article,test-koap-16.16,seen,search,koap,1.00000,1.00000,1.00000,1.00000
test,article,test-koap-16.1,seen,everyday,koap,0.00000,0.00000,0.00000,0.00000
test,article,test-koap-16.21,seen,search,koap,0.63093,1.00000,1.00000,0.50000
test,article,test-koap-19.27,seen,legal,koap,1.00000,1.00000,1.00000,1.00000
test,article,test-koap-17.13,seen,everyday,koap,0.00000,0.00000,0.00000,0.00000
test,article,test-koap-19.4.2,seen,everyday,koap,1.00000,1.00000,1.00000,1.00000
test,article,test-koap-19.7.11,seen,legal,koap,1.00000,1.00000,1.00000,1.00000
test,article,test-koap-19.8,seen,search,koap,1.00000,1.00000,1.00000,1.00000
test,article,test-koap-20.13,seen,search,koap,1.00000,1.00000,1.00000,1.00000
test,article,test-koap-20.14,seen,everyday,koap,1.00000,1.00000,1.00000,1.00000
test,article,test-koap-19.8.2,seen,everyday,koap,1.00000,1.00000,1.00000,1.00000
test,article,test-koap-20.17,seen,everyday,koap,1.00000,1.00000,1.00000,1.00000
test,article,test-koap-20.25,seen,search,koap,1.00000,1.00000,1.00000,1.00000
test,article,test-koap-20.24,seen,everyday,koap,1.00000,1.00000,1.00000,1.00000
test,article,test-koap-20.3.4,seen,everyday,koap,1.00000,1.00000,1.00000,1.00000
test,article,test-koap-20.3.3,seen,everyday,koap,0.50000,1.00000,1.00000,0.33333
test,article,test-koap-20.5.1,seen,everyday,koap,1.00000,1.00000,1.00000,1.00000
test,article,test-koap-23.15,seen,legal,koap,0.63093,1.00000,1.00000,0.50000
test,article,test-koap-20.6.1,seen,everyday,koap,0.00000,0.00000,0.00000,0.00000
test,article,test-koap-23.34,seen,everyday,koap,0.50000,1.00000,1.00000,0.33333
test,article,test-koap-23.26.1,seen,everyday,koap,0.50000,1.00000,1.00000,0.33333
test,article,test-koap-23.36.2,seen,everyday,koap,1.00000,1.00000,1.00000,1.00000
test,article,test-koap-23.42,seen,legal,koap,1.00000,1.00000,1.00000,1.00000
test,article,test-koap-23.55,seen,everyday,koap,1.00000,1.00000,1.00000,1.00000
test,article,test-koap-23.88,seen,search,koap,1.00000,1.00000,1.00000,1.00000
test,article,test-koap-23.86,seen,legal,koap,1.00000,1.00000,1.00000,1.00000
test,article,test-koap-27.14,seen,search,koap,1.00000,1.00000,1.00000,1.00000
test,article,test-koap-26.1,seen,legal,koap,1.00000,1.00000,1.00000,1.00000
test,article,test-koap-24.4,seen,everyday,koap,0.63093,1.00000,1.00000,0.50000
test,article,test-koap-27.15,seen,search,koap,1.00000,1.00000,1.00000,1.00000
test,article,test-koap-28.10,seen,search,koap,0.63093,1.00000,1.00000,0.50000
test,article,test-koap-28.5,seen,legal,koap,1.00000,1.00000,1.00000,1.00000
test,article,test-koap-27.20,seen,everyday,koap,0.00000,0.00000,0.00000,0.00000
test,article,test-koap-29.6,seen,search,koap,1.00000,1.00000,1.00000,1.00000
test,article,test-koap-3.4,seen,search,koap,1.00000,1.00000,1.00000,1.00000
test,article,test-koap-29.9,seen,everyday,koap,0.00000,0.00000,0.00000,0.00000
test,article,test-koap-3.13,seen,everyday,koap,0.63093,1.00000,1.00000,0.50000
test,article,test-koap-30.12,seen,everyday,koap,1.00000,1.00000,1.00000,1.00000
test,article,test-koap-30.15,seen,legal,koap,0.00000,0.00000,0.00000,0.00000
test,article,test-koap-31.10,seen,legal,koap,1.00000,1.00000,1.00000,1.00000
test,article,test-koap-31.8,seen,legal,koap,0.63093,1.00000,1.00000,0.50000
test,article,test-koap-31.7,seen,everyday,koap,0.43068,1.00000,1.00000,0.25000
test,article,test-koap-4.6,seen,everyday,koap,1.00000,1.00000,1.00000,1.00000
test,article,test-koap-5.27.2,seen,legal,koap,1.00000,1.00000,1.00000,1.00000
test,article,test-koap-4.7,seen,everyday,koap,0.00000,0.00000,0.00000,0.00000
test,article,test-koap-5.41,seen,search,koap,1.00000,1.00000,1.00000,1.00000
test,article,test-koap-5.40,seen,everyday,koap,1.00000,1.00000,1.00000,1.00000
test,article,test-koap-5.61.1,seen,search,koap,1.00000,1.00000,1.00000,1.00000
test,article,test-koap-5.46,seen,legal,koap,1.00000,1.00000,1.00000,1.00000
test,article,test-koap-5.8,seen,search,koap,0.33333,0.00000,1.00000,0.14286
test,article,test-koap-5.63,seen,everyday,koap,0.35621,0.00000,1.00000,0.16667
test,article,test-koap-6.21,seen,everyday,koap,0.00000,0.00000,0.00000,0.00000
test,article,test-koap-6.23,seen,legal,koap,1.00000,1.00000,1.00000,1.00000
test,article,test-koap-6.3.1,seen,search,koap,1.00000,1.00000,1.00000,1.00000
test,article,test-koap-6.28,seen,legal,koap,1.00000,1.00000,1.00000,1.00000
test,article,test-koap-7.12,seen,legal,koap,0.50000,1.00000,1.00000,0.33333
test,article,test-koap-6.9,seen,legal,koap,1.00000,1.00000,1.00000,1.00000
test,article,test-koap-6.32,seen,everyday,koap,1.00000,1.00000,1.00000,1.00000
test,article,test-koap-7.20,seen,legal,koap,1.00000,1.00000,1.00000,1.00000
test,article,test-koap-7.32.6,seen,legal,koap,1.00000,1.00000,1.00000,1.00000
test,article,test-koap-7.35,seen,search,koap,1.00000,1.00000,1.00000,1.00000
test,article,test-koap-8.14,seen,legal,koap,1.00000,1.00000,1.00000,1.00000
test,article,test-koap-8.28,seen,everyday,koap,1.00000,1.00000,1.00000,1.00000
test,article,test-koap-8.34,seen,everyday,koap,1.00000,1.00000,1.00000,1.00000
test,article,test-koap-8.47,seen,search,koap,1.00000,1.00000,1.00000,1.00000
test,article,test-tk-130,seen,legal,tk,0.35621,0.00000,1.00000,0.16667
test,article,test-tk-131,seen,legal,tk,1.00000,1.00000,1.00000,1.00000
test,article,test-koap-9.7,seen,everyday,koap,1.00000,1.00000,1.00000,1.00000
test,article,test-tk-14,seen,search,tk,1.00000,1.00000,1.00000,1.00000
test,article,test-tk-173,seen,legal,tk,1.00000,1.00000,1.00000,1.00000
test,article,test-tk-138,seen,everyday,tk,1.00000,1.00000,1.00000,1.00000
test,article,test-tk-18,seen,legal,tk,1.00000,1.00000,1.00000,1.00000
test,article,test-tk-180,seen,legal,tk,1.00000,1.00000,1.00000,1.00000
test,article,test-tk-209.1,seen,legal,tk,1.00000,1.00000,1.00000,1.00000
test,article,test-tk-214.2,seen,search,tk,1.00000,1.00000,1.00000,1.00000
test,article,test-tk-203,seen,everyday,tk,1.00000,1.00000,1.00000,1.00000
test,article,test-tk-216,seen,legal,tk,0.43068,1.00000,1.00000,0.25000
test,article,test-tk-219,seen,legal,tk,1.00000,1.00000,1.00000,1.00000
test,article,test-tk-216.2,seen,legal,tk,1.00000,1.00000,1.00000,1.00000
test,article,test-tk-222,seen,everyday,tk,1.00000,1.00000,1.00000,1.00000
test,article,test-tk-229,seen,legal,tk,1.00000,1.00000,1.00000,1.00000
test,article,test-tk-229.1,seen,everyday,tk,1.00000,1.00000,1.00000,1.00000
test,article,test-tk-229.2,seen,search,tk,1.00000,1.00000,1.00000,1.00000
test,article,test-tk-231,seen,search,tk,0.00000,0.00000,0.00000,0.00000
test,article,test-tk-253,seen,search,tk,1.00000,1.00000,1.00000,1.00000
test,article,test-tk-248,seen,legal,tk,1.00000,1.00000,1.00000,1.00000
test,article,test-tk-255,seen,legal,tk,1.00000,1.00000,1.00000,1.00000
test,article,test-tk-278,seen,search,tk,1.00000,1.00000,1.00000,1.00000
test,article,test-tk-296,seen,search,tk,1.00000,1.00000,1.00000,1.00000
test,article,test-tk-290,seen,legal,tk,1.00000,1.00000,1.00000,1.00000
test,article,test-tk-312.2,seen,search,tk,1.00000,1.00000,1.00000,1.00000
test,article,test-tk-314,seen,search,tk,1.00000,1.00000,1.00000,1.00000
test,article,test-tk-308,seen,everyday,tk,1.00000,1.00000,1.00000,1.00000
test,article,test-tk-324,seen,search,tk,1.00000,1.00000,1.00000,1.00000
test,article,test-tk-319,seen,legal,tk,1.00000,1.00000,1.00000,1.00000
test,article,test-tk-338,seen,search,tk,1.00000,1.00000,1.00000,1.00000
test,article,test-tk-331,seen,everyday,tk,0.35621,0.00000,1.00000,0.16667
test,article,test-tk-350,seen,search,tk,0.50000,1.00000,1.00000,0.33333
test,article,test-tk-339,seen,legal,tk,1.00000,1.00000,1.00000,1.00000
test,article,test-tk-351.7,seen,legal,tk,1.00000,1.00000,1.00000,1.00000
test,article,test-tk-378,seen,legal,tk,1.00000,1.00000,1.00000,1.00000
test,article,test-tk-39,seen,search,tk,1.00000,1.00000,1.00000,1.00000
test,article,test-tk-386,seen,search,tk,1.00000,1.00000,1.00000,1.00000
test,article,test-tk-407,seen,legal,tk,1.00000,1.00000,1.00000,1.00000
test,article,test-tk-415,seen,everyday,tk,0.31546,0.00000,1.00000,0.12500
test,article,test-tk-403,seen,legal,tk,1.00000,1.00000,1.00000,1.00000
test,article,test-tk-74,seen,search,tk,0.50000,1.00000,1.00000,0.33333
test,article,test-tk-66.1,seen,legal,tk,1.00000,1.00000,1.00000,1.00000
test,article,test-zhk-104,seen,legal,zhk,1.00000,1.00000,1.00000,1.00000
test,article,test-tk-92,seen,everyday,tk,0.28906,0.00000,1.00000,0.10000
test,article,test-zhk-100,seen,everyday,zhk,0.43068,1.00000,1.00000,0.25000
test,article,test-zhk-174,seen,search,zhk,1.00000,1.00000,1.00000,1.00000
test,article,test-zhk-185,seen,legal,zhk,1.00000,1.00000,1.00000,1.00000
test,article,test-zhk-191,seen,legal,zhk,1.00000,1.00000,1.00000,1.00000
test,article,test-zhk-193,seen,legal,zhk,1.00000,1.00000,1.00000,1.00000
test,article,test-zhk-200,seen,everyday,zhk,0.00000,0.00000,0.00000,0.00000
test,article,test-zhk-33,seen,everyday,zhk,1.00000,1.00000,1.00000,1.00000
test,article,test-zhk-46,seen,everyday,zhk,1.00000,1.00000,1.00000,1.00000
test,article,test-zhk-47.1,seen,everyday,zhk,0.43068,1.00000,1.00000,0.25000
test,article,test-zhk-55,seen,everyday,zhk,1.00000,1.00000,1.00000,1.00000
test,article,test-zhk-57,seen,everyday,zhk,0.50000,1.00000,1.00000,0.33333
test,article,test-zhk-62,seen,search,zhk,1.00000,1.00000,1.00000,1.00000
test,article,test-zhk-91.10,seen,everyday,zhk,0.00000,0.00000,0.00000,0.00000
test,article,test-zhk-85,seen,everyday,zhk,0.50000,1.00000,1.00000,0.33333
test,article,test-zhk-91.14,seen,everyday,zhk,1.00000,1.00000,1.00000,1.00000
test,article,test-zhk-91.16,seen,everyday,zhk,1.00000,1.00000,1.00000,1.00000
test,article,test-zhk-91.19,seen,everyday,zhk,1.00000,1.00000,1.00000,1.00000
test,article,test-zhk-91.20,seen,everyday,zhk,0.38685,1.00000,1.00000,0.20000
test,article,test-gk-1019,unseen_articles,legal,gk,1.00000,1.00000,1.00000,1.00000
test,article,test-zhk-91.9,seen,everyday,zhk,0.35621,0.00000,1.00000,0.16667
test,article,test-gk-1045,unseen_articles,legal,gk,1.00000,1.00000,1.00000,1.00000
test,article,test-gk-1048,unseen_articles,legal,gk,0.63093,1.00000,1.00000,0.50000
test,article,test-gk-1055,unseen_articles,legal,gk,1.00000,1.00000,1.00000,1.00000
test,article,test-gk-1076,unseen_articles,search,gk,1.00000,1.00000,1.00000,1.00000
test,article,test-gk-1081,unseen_articles,legal,gk,0.00000,0.00000,0.00000,0.00000
test,article,test-gk-1084,unseen_articles,legal,gk,1.00000,1.00000,1.00000,1.00000
test,article,test-gk-1059,unseen_articles,everyday,gk,1.00000,1.00000,1.00000,1.00000
test,article,test-gk-1101,unseen_articles,everyday,gk,1.00000,1.00000,1.00000,1.00000
test,article,test-gk-1129,unseen_articles,legal,gk,1.00000,1.00000,1.00000,1.00000
test,article,test-gk-1117,unseen_articles,everyday,gk,1.00000,1.00000,1.00000,1.00000
test,article,test-gk-1132,unseen_articles,legal,gk,1.00000,1.00000,1.00000,1.00000
test,article,test-gk-1147,unseen_articles,search,gk,1.00000,1.00000,1.00000,1.00000
test,article,test-gk-1145,unseen_articles,legal,gk,0.63093,1.00000,1.00000,0.50000
test,article,test-gk-1162,unseen_articles,search,gk,1.00000,1.00000,1.00000,1.00000
test,article,test-gk-1170,unseen_articles,search,gk,1.00000,1.00000,1.00000,1.00000
test,article,test-gk-1175,unseen_articles,search,gk,1.00000,1.00000,1.00000,1.00000
test,article,test-gk-1190,unseen_articles,legal,gk,1.00000,1.00000,1.00000,1.00000
test,article,test-gk-1216,unseen_articles,legal,gk,1.00000,1.00000,1.00000,1.00000
test,article,test-gk-1182,unseen_articles,everyday,gk,1.00000,1.00000,1.00000,1.00000
test,article,test-gk-123.4,unseen_articles,search,gk,1.00000,1.00000,1.00000,1.00000
test,article,test-gk-1247,unseen_articles,search,gk,1.00000,1.00000,1.00000,1.00000
test,article,test-gk-1251,unseen_articles,legal,gk,1.00000,1.00000,1.00000,1.00000
test,article,test-gk-1258,unseen_articles,search,gk,1.00000,1.00000,1.00000,1.00000
test,article,test-gk-1254,unseen_articles,legal,gk,1.00000,1.00000,1.00000,1.00000
test,article,test-gk-1313,unseen_articles,everyday,gk,1.00000,1.00000,1.00000,1.00000
test,article,test-gk-1326,unseen_articles,legal,gk,1.00000,1.00000,1.00000,1.00000
test,article,test-gk-135,unseen_articles,everyday,gk,0.00000,0.00000,0.00000,0.00000
test,article,test-gk-136,unseen_articles,legal,gk,1.00000,1.00000,1.00000,1.00000
test,article,test-gk-1354,unseen_articles,everyday,gk,0.31546,0.00000,1.00000,0.12500
test,article,test-gk-1368,unseen_articles,search,gk,1.00000,1.00000,1.00000,1.00000
test,article,test-gk-1362,unseen_articles,legal,gk,1.00000,1.00000,1.00000,1.00000
test,article,test-gk-1376,unseen_articles,everyday,gk,1.00000,1.00000,1.00000,1.00000
test,article,test-gk-1386,unseen_articles,everyday,gk,0.30103,0.00000,1.00000,0.11111
test,article,test-gk-1415,unseen_articles,search,gk,1.00000,1.00000,1.00000,1.00000
test,article,test-gk-1436,unseen_articles,everyday,gk,1.00000,1.00000,1.00000,1.00000
test,article,test-gk-1439,unseen_articles,everyday,gk,1.00000,1.00000,1.00000,1.00000
test,article,test-gk-144,unseen_articles,legal,gk,1.00000,1.00000,1.00000,1.00000
test,article,test-gk-1443,unseen_articles,everyday,gk,0.63093,1.00000,1.00000,0.50000
test,article,test-gk-1449,unseen_articles,legal,gk,1.00000,1.00000,1.00000,1.00000
test,article,test-gk-1445,unseen_articles,everyday,gk,1.00000,1.00000,1.00000,1.00000
test,article,test-gk-1459,unseen_articles,search,gk,1.00000,1.00000,1.00000,1.00000
test,article,test-gk-149.4,unseen_articles,legal,gk,0.33333,0.00000,1.00000,0.14286
test,article,test-gk-1484,unseen_articles,everyday,gk,0.50000,1.00000,1.00000,0.33333
test,article,test-gk-174,unseen_articles,search,gk,1.00000,1.00000,1.00000,1.00000
test,article,test-gk-18,unseen_articles,search,gk,1.00000,1.00000,1.00000,1.00000
test,article,test-gk-1526,unseen_articles,everyday,gk,0.63093,1.00000,1.00000,0.50000
test,article,test-gk-200,unseen_articles,legal,gk,0.63093,1.00000,1.00000,0.50000
test,article,test-gk-212,unseen_articles,everyday,gk,1.00000,1.00000,1.00000,1.00000
test,article,test-gk-213,unseen_articles,legal,gk,1.00000,1.00000,1.00000,1.00000
test,article,test-gk-208,unseen_articles,everyday,gk,0.63093,1.00000,1.00000,0.50000
test,article,test-gk-229,unseen_articles,search,gk,1.00000,1.00000,1.00000,1.00000
test,article,test-gk-219,unseen_articles,everyday,gk,0.00000,0.00000,0.00000,0.00000
test,article,test-gk-245,unseen_articles,legal,gk,1.00000,1.00000,1.00000,1.00000
test,article,test-gk-242,unseen_articles,everyday,gk,0.63093,1.00000,1.00000,0.50000
test,article,test-gk-248,unseen_articles,search,gk,1.00000,1.00000,1.00000,1.00000
test,article,test-gk-31,unseen_articles,search,gk,1.00000,1.00000,1.00000,1.00000
test,article,test-gk-310,unseen_articles,search,gk,1.00000,1.00000,1.00000,1.00000
test,article,test-gk-281,unseen_articles,everyday,gk,1.00000,1.00000,1.00000,1.00000
test,article,test-gk-350.2,unseen_articles,search,gk,0.00000,0.00000,0.00000,0.00000
test,article,test-gk-358.10,unseen_articles,search,gk,1.00000,1.00000,1.00000,1.00000
test,article,test-gk-370,unseen_articles,search,gk,1.00000,1.00000,1.00000,1.00000
test,article,test-gk-419,unseen_articles,search,gk,1.00000,1.00000,1.00000,1.00000
test,article,test-gk-408,unseen_articles,everyday,gk,1.00000,1.00000,1.00000,1.00000
test,article,test-gk-432,unseen_articles,legal,gk,1.00000,1.00000,1.00000,1.00000
test,article,test-gk-466,unseen_articles,legal,gk,1.00000,1.00000,1.00000,1.00000
test,article,test-gk-429.1,unseen_articles,everyday,gk,0.00000,0.00000,0.00000,0.00000
test,article,test-gk-480,unseen_articles,search,gk,1.00000,1.00000,1.00000,1.00000
test,article,test-gk-484,unseen_articles,everyday,gk,0.63093,1.00000,1.00000,0.50000
test,article,test-gk-51,unseen_articles,everyday,gk,0.31546,0.00000,1.00000,0.12500
test,article,test-gk-524,unseen_articles,search,gk,1.00000,1.00000,1.00000,1.00000
test,article,test-gk-507,unseen_articles,everyday,gk,0.38685,1.00000,1.00000,0.20000
test,article,test-gk-567,unseen_articles,legal,gk,0.00000,0.00000,0.00000,0.00000
test,article,test-gk-552,unseen_articles,everyday,gk,1.00000,1.00000,1.00000,1.00000
test,article,test-gk-565,unseen_articles,everyday,gk,1.00000,1.00000,1.00000,1.00000
test,article,test-gk-599,unseen_articles,search,gk,1.00000,1.00000,1.00000,1.00000
test,article,test-gk-588,unseen_articles,everyday,gk,1.00000,1.00000,1.00000,1.00000
test,article,test-gk-61,unseen_articles,search,gk,1.00000,1.00000,1.00000,1.00000
test,article,test-gk-627,unseen_articles,search,gk,1.00000,1.00000,1.00000,1.00000
test,article,test-gk-60.2,unseen_articles,legal,gk,1.00000,1.00000,1.00000,1.00000
test,article,test-gk-644,unseen_articles,everyday,gk,1.00000,1.00000,1.00000,1.00000
test,article,test-gk-642,unseen_articles,everyday,gk,1.00000,1.00000,1.00000,1.00000
test,article,test-gk-653,unseen_articles,legal,gk,1.00000,1.00000,1.00000,1.00000
test,article,test-gk-654,unseen_articles,legal,gk,1.00000,1.00000,1.00000,1.00000
test,article,test-gk-675,unseen_articles,search,gk,1.00000,1.00000,1.00000,1.00000
test,article,test-gk-66.2,unseen_articles,everyday,gk,0.63093,1.00000,1.00000,0.50000
test,article,test-gk-672,unseen_articles,everyday,gk,0.50000,1.00000,1.00000,0.33333
test,article,test-gk-724,unseen_articles,search,gk,0.63093,1.00000,1.00000,0.50000
test,article,test-gk-712,unseen_articles,everyday,gk,0.50000,1.00000,1.00000,0.33333
test,article,test-gk-731,unseen_articles,legal,gk,0.33333,0.00000,1.00000,0.14286
test,article,test-gk-737,unseen_articles,legal,gk,1.00000,1.00000,1.00000,1.00000
test,article,test-gk-746,unseen_articles,legal,gk,0.63093,1.00000,1.00000,0.50000
test,article,test-gk-770,unseen_articles,search,gk,0.00000,0.00000,0.00000,0.00000
test,article,test-gk-74,unseen_articles,everyday,gk,1.00000,1.00000,1.00000,1.00000
test,article,test-gk-776,unseen_articles,search,gk,1.00000,1.00000,1.00000,1.00000
test,article,test-gk-771,unseen_articles,everyday,gk,0.63093,1.00000,1.00000,0.50000
test,article,test-gk-841,unseen_articles,search,gk,1.00000,1.00000,1.00000,1.00000
test,article,test-gk-804,unseen_articles,everyday,gk,1.00000,1.00000,1.00000,1.00000
test,article,test-gk-849,unseen_articles,search,gk,1.00000,1.00000,1.00000,1.00000
test,article,test-gk-852,unseen_articles,search,gk,1.00000,1.00000,1.00000,1.00000
test,article,test-gk-860.15,unseen_articles,search,gk,1.00000,1.00000,1.00000,1.00000
test,article,test-gk-867,unseen_articles,search,gk,1.00000,1.00000,1.00000,1.00000
test,article,test-gk-89,unseen_articles,search,gk,0.63093,1.00000,1.00000,0.50000
test,article,test-gk-860.8,unseen_articles,legal,gk,1.00000,1.00000,1.00000,1.00000
test,article,test-gk-92,unseen_articles,search,gk,1.00000,1.00000,1.00000,1.00000
test,article,test-gk-982,unseen_articles,everyday,gk,0.33333,0.00000,1.00000,0.14286
test,article,test-koap-1.4,unseen_articles,legal,koap,1.00000,1.00000,1.00000,1.00000
test,article,test-gk-991,unseen_articles,everyday,gk,0.00000,0.00000,0.00000,0.00000
test,article,test-koap-11.20,unseen_articles,legal,koap,1.00000,1.00000,1.00000,1.00000
test,article,test-koap-13.13,unseen_articles,legal,koap,1.00000,1.00000,1.00000,1.00000
test,article,test-koap-10.14,unseen_articles,everyday,koap,1.00000,1.00000,1.00000,1.00000
test,article,test-koap-13.14.1,unseen_articles,legal,koap,1.00000,1.00000,1.00000,1.00000
test,article,test-koap-13.22,unseen_articles,legal,koap,1.00000,1.00000,1.00000,1.00000
test,article,test-koap-13.39,unseen_articles,everyday,koap,0.63093,1.00000,1.00000,0.50000
test,article,test-koap-13.25,unseen_articles,everyday,koap,1.00000,1.00000,1.00000,1.00000
test,article,test-koap-13.49,unseen_articles,legal,koap,0.63093,1.00000,1.00000,0.50000
test,article,test-koap-14.15,unseen_articles,search,koap,1.00000,1.00000,1.00000,1.00000
test,article,test-koap-14.16,unseen_articles,search,koap,0.43068,1.00000,1.00000,0.25000
test,article,test-koap-14.15.3,unseen_articles,legal,koap,1.00000,1.00000,1.00000,1.00000
test,article,test-koap-14.35,unseen_articles,search,koap,0.00000,0.00000,0.00000,0.00000
test,article,test-koap-14.46.1,unseen_articles,search,koap,1.00000,1.00000,1.00000,1.00000
test,article,test-koap-14.27,unseen_articles,everyday,koap,1.00000,1.00000,1.00000,1.00000
test,article,test-koap-14.57,unseen_articles,everyday,koap,0.38685,1.00000,1.00000,0.20000
test,article,test-koap-14.64,unseen_articles,legal,koap,1.00000,1.00000,1.00000,1.00000
test,article,test-koap-15.23.1,unseen_articles,search,koap,1.00000,1.00000,1.00000,1.00000
test,article,test-koap-15.35,unseen_articles,legal,koap,1.00000,1.00000,1.00000,1.00000
test,article,test-koap-15.26,unseen_articles,everyday,koap,1.00000,1.00000,1.00000,1.00000
test,article,test-koap-15.30,unseen_articles,everyday,koap,0.00000,0.00000,0.00000,0.00000
test,article,test-koap-17.3,unseen_articles,search,koap,1.00000,1.00000,1.00000,1.00000
test,article,test-koap-17.17,unseen_articles,legal,koap,1.00000,1.00000,1.00000,1.00000
test,article,test-koap-18.2,unseen_articles,legal,koap,1.00000,1.00000,1.00000,1.00000
test,article,test-koap-17.2,unseen_articles,everyday,koap,1.00000,1.00000,1.00000,1.00000
test,article,test-koap-18.16,unseen_articles,everyday,koap,1.00000,1.00000,1.00000,1.00000
test,article,test-koap-19.4.1,unseen_articles,search,koap,0.50000,1.00000,1.00000,0.33333
test,article,test-koap-19.22,unseen_articles,everyday,koap,0.63093,1.00000,1.00000,0.50000
test,article,test-koap-19.7,unseen_articles,legal,koap,1.00000,1.00000,1.00000,1.00000
test,article,test-koap-19.7.8,unseen_articles,search,koap,1.00000,1.00000,1.00000,1.00000
test,article,test-koap-2.9.1,unseen_articles,legal,koap,1.00000,1.00000,1.00000,1.00000
test,article,test-koap-2.8,unseen_articles,everyday,koap,0.33333,0.00000,1.00000,0.14286
test,article,test-koap-2.1,unseen_articles,everyday,koap,0.00000,0.00000,0.00000,0.00000
test,article,test-koap-20.33,unseen_articles,search,koap,0.63093,1.00000,1.00000,0.50000
test,article,test-koap-20.30,unseen_articles,legal,koap,1.00000,1.00000,1.00000,1.00000
test,article,test-koap-20.34,unseen_articles,legal,koap,1.00000,1.00000,1.00000,1.00000
test,article,test-koap-23.56,unseen_articles,legal,koap,0.63093,1.00000,1.00000,0.50000
test,article,test-koap-23.14,unseen_articles,legal,koap,1.00000,1.00000,1.00000,1.00000
test,article,test-koap-25.5.1,unseen_articles,search,koap,1.00000,1.00000,1.00000,1.00000
test,article,test-koap-27.11,unseen_articles,search,koap,1.00000,1.00000,1.00000,1.00000
test,article,test-koap-24.8,unseen_articles,everyday,koap,1.00000,1.00000,1.00000,1.00000
test,article,test-koap-28.8,unseen_articles,legal,koap,0.50000,1.00000,1.00000,0.33333
test,article,test-koap-30.1,unseen_articles,everyday,koap,0.43068,1.00000,1.00000,0.25000
test,article,test-koap-30.10,unseen_articles,everyday,koap,1.00000,1.00000,1.00000,1.00000
test,article,test-koap-32.14,unseen_articles,legal,koap,0.63093,1.00000,1.00000,0.50000
test,article,test-koap-5.12,unseen_articles,search,koap,0.43068,1.00000,1.00000,0.25000
test,article,test-koap-30.4,unseen_articles,everyday,koap,1.00000,1.00000,1.00000,1.00000
test,article,test-koap-5.15,unseen_articles,search,koap,0.43068,1.00000,1.00000,0.25000
test,article,test-koap-5.3,unseen_articles,search,koap,0.63093,1.00000,1.00000,0.50000
test,article,test-koap-5.24,unseen_articles,legal,koap,1.00000,1.00000,1.00000,1.00000
test,article,test-koap-5.50,unseen_articles,search,koap,0.63093,1.00000,1.00000,0.50000
test,article,test-koap-5.54,unseen_articles,search,koap,0.00000,0.00000,0.00000,0.00000
test,article,test-koap-5.53,unseen_articles,legal,koap,1.00000,1.00000,1.00000,1.00000
test,article,test-koap-6.4,unseen_articles,search,koap,1.00000,1.00000,1.00000,1.00000
test,article,test-koap-6.16,unseen_articles,everyday,koap,0.00000,0.00000,0.00000,0.00000
test,article,test-koap-6.22,unseen_articles,everyday,koap,1.00000,1.00000,1.00000,1.00000
test,article,test-koap-7.27.1,unseen_articles,search,koap,1.00000,1.00000,1.00000,1.00000
test,article,test-koap-7.7,unseen_articles,legal,koap,1.00000,1.00000,1.00000,1.00000
test,article,test-koap-8.18,unseen_articles,search,koap,0.63093,1.00000,1.00000,0.50000
test,article,test-koap-8.25,unseen_articles,everyday,koap,0.63093,1.00000,1.00000,0.50000
test,article,test-koap-8.23,unseen_articles,everyday,koap,1.00000,1.00000,1.00000,1.00000
test,article,test-koap-8.28.1,unseen_articles,everyday,koap,1.00000,1.00000,1.00000,1.00000
test,article,test-koap-8.54,unseen_articles,legal,koap,1.00000,1.00000,1.00000,1.00000
test,article,test-koap-9.16,unseen_articles,legal,koap,1.00000,1.00000,1.00000,1.00000
test,article,test-tk-150,unseen_articles,search,tk,1.00000,1.00000,1.00000,1.00000
test,article,test-koap-9.22,unseen_articles,legal,koap,0.00000,0.00000,0.00000,0.00000
test,article,test-tk-16,unseen_articles,legal,tk,1.00000,1.00000,1.00000,1.00000
test,article,test-tk-160,unseen_articles,search,tk,1.00000,1.00000,1.00000,1.00000
test,article,test-tk-171,unseen_articles,search,tk,0.63093,1.00000,1.00000,0.50000
test,article,test-tk-165,unseen_articles,legal,tk,0.63093,1.00000,1.00000,0.50000
test,article,test-tk-164,unseen_articles,everyday,tk,1.00000,1.00000,1.00000,1.00000
test,article,test-tk-19,unseen_articles,legal,tk,1.00000,1.00000,1.00000,1.00000
test,article,test-tk-191,unseen_articles,legal,tk,1.00000,1.00000,1.00000,1.00000
test,article,test-tk-186.1,unseen_articles,everyday,tk,1.00000,1.00000,1.00000,1.00000
test,article,test-tk-197,unseen_articles,legal,tk,1.00000,1.00000,1.00000,1.00000
test,article,test-tk-20,unseen_articles,legal,tk,0.38685,1.00000,1.00000,0.20000
test,article,test-tk-210,unseen_articles,legal,tk,0.30103,0.00000,1.00000,0.11111
test,article,test-tk-21,unseen_articles,everyday,tk,0.33333,0.00000,1.00000,0.14286
test,article,test-tk-211.1,unseen_articles,everyday,tk,1.00000,1.00000,1.00000,1.00000
test,article,test-tk-221,unseen_articles,everyday,tk,0.00000,0.00000,0.00000,0.00000
test,article,test-tk-223,unseen_articles,legal,tk,1.00000,1.00000,1.00000,1.00000
test,article,test-tk-262,unseen_articles,search,tk,1.00000,1.00000,1.00000,1.00000
test,article,test-tk-267,unseen_articles,legal,tk,1.00000,1.00000,1.00000,1.00000
test,article,test-tk-245,unseen_articles,everyday,tk,1.00000,1.00000,1.00000,1.00000
test,article,test-tk-309.1,unseen_articles,search,tk,0.50000,1.00000,1.00000,0.33333
test,article,test-tk-310,unseen_articles,legal,tk,1.00000,1.00000,1.00000,1.00000
test,article,test-tk-29,unseen_articles,everyday,tk,1.00000,1.00000,1.00000,1.00000
test,article,test-tk-329,unseen_articles,search,tk,0.00000,0.00000,0.00000,0.00000
test,article,test-tk-327.6,unseen_articles,everyday,tk,0.43068,1.00000,1.00000,0.25000
test,article,test-tk-33,unseen_articles,legal,tk,1.00000,1.00000,1.00000,1.00000
test,article,test-tk-348.2,unseen_articles,search,tk,1.00000,1.00000,1.00000,1.00000
test,article,test-tk-334,unseen_articles,legal,tk,1.00000,1.00000,1.00000,1.00000
test,article,test-tk-80,unseen_articles,search,tk,1.00000,1.00000,1.00000,1.00000
test,article,test-tk-351.4,unseen_articles,everyday,tk,1.00000,1.00000,1.00000,1.00000
test,article,test-tk-41,unseen_articles,everyday,tk,1.00000,1.00000,1.00000,1.00000
test,article,test-zhk-1,unseen_articles,search,zhk,1.00000,1.00000,1.00000,1.00000
test,article,test-tk-86,unseen_articles,everyday,tk,0.63093,1.00000,1.00000,0.50000
test,article,test-zhk-109,unseen_articles,everyday,zhk,0.50000,1.00000,1.00000,0.33333
test,article,test-zhk-11,unseen_articles,everyday,zhk,1.00000,1.00000,1.00000,1.00000
test,article,test-zhk-155,unseen_articles,search,zhk,0.43068,1.00000,1.00000,0.25000
test,article,test-zhk-142,unseen_articles,legal,zhk,1.00000,1.00000,1.00000,1.00000
test,article,test-zhk-143,unseen_articles,legal,zhk,1.00000,1.00000,1.00000,1.00000
test,article,test-zhk-156.1,unseen_articles,search,zhk,1.00000,1.00000,1.00000,1.00000
test,article,test-zhk-167,unseen_articles,search,zhk,1.00000,1.00000,1.00000,1.00000
test,article,test-zhk-157,unseen_articles,legal,zhk,1.00000,1.00000,1.00000,1.00000
test,article,test-zhk-43,unseen_articles,search,zhk,1.00000,1.00000,1.00000,1.00000
test,article,test-zhk-49,unseen_articles,search,zhk,0.63093,1.00000,1.00000,0.50000
test,article,test-zhk-60,unseen_articles,search,zhk,0.38685,1.00000,1.00000,0.20000
test,article,test-zhk-68,unseen_articles,search,zhk,1.00000,1.00000,1.00000,1.00000
test,article,test-zhk-91.15,unseen_articles,legal,zhk,1.00000,1.00000,1.00000,1.00000
test,article,test-sk-1,unseen_codes,legal,sk,1.00000,1.00000,1.00000,1.00000
test,article,test-sk-10,unseen_codes,search,sk,1.00000,1.00000,1.00000,1.00000
test,article,test-zhk-92,unseen_articles,everyday,zhk,1.00000,1.00000,1.00000,1.00000
test,article,test-sk-102,unseen_codes,legal,sk,1.00000,1.00000,1.00000,1.00000
test,article,test-sk-100,unseen_codes,legal,sk,1.00000,1.00000,1.00000,1.00000
test,article,test-sk-101,unseen_codes,everyday,sk,1.00000,1.00000,1.00000,1.00000
test,article,test-sk-103,unseen_codes,search,sk,0.50000,1.00000,1.00000,0.33333
test,article,test-sk-104,unseen_codes,everyday,sk,0.43068,1.00000,1.00000,0.25000
test,article,test-sk-106,unseen_codes,legal,sk,0.63093,1.00000,1.00000,0.50000
test,article,test-sk-105,unseen_codes,everyday,sk,1.00000,1.00000,1.00000,1.00000
test,article,test-sk-108,unseen_codes,search,sk,1.00000,1.00000,1.00000,1.00000
test,article,test-sk-109,unseen_codes,search,sk,1.00000,1.00000,1.00000,1.00000
test,article,test-sk-110,unseen_codes,search,sk,1.00000,1.00000,1.00000,1.00000
test,article,test-sk-11,unseen_codes,legal,sk,1.00000,1.00000,1.00000,1.00000
test,article,test-sk-107,unseen_codes,everyday,sk,0.63093,1.00000,1.00000,0.50000
test,article,test-sk-111,unseen_codes,search,sk,1.00000,1.00000,1.00000,1.00000
test,article,test-sk-113,unseen_codes,legal,sk,1.00000,1.00000,1.00000,1.00000
test,article,test-sk-112,unseen_codes,everyday,sk,1.00000,1.00000,1.00000,1.00000
test,article,test-sk-115,unseen_codes,search,sk,1.00000,1.00000,1.00000,1.00000
test,article,test-sk-114,unseen_codes,everyday,sk,0.63093,1.00000,1.00000,0.50000
test,article,test-sk-116,unseen_codes,legal,sk,1.00000,1.00000,1.00000,1.00000
test,article,test-sk-117,unseen_codes,legal,sk,1.00000,1.00000,1.00000,1.00000
test,article,test-sk-118,unseen_codes,legal,sk,1.00000,1.00000,1.00000,1.00000
test,article,test-sk-119,unseen_codes,legal,sk,1.00000,1.00000,1.00000,1.00000
test,article,test-sk-121,unseen_codes,search,sk,1.00000,1.00000,1.00000,1.00000
test,article,test-sk-12,unseen_codes,everyday,sk,0.63093,1.00000,1.00000,0.50000
test,article,test-sk-120,unseen_codes,everyday,sk,0.63093,1.00000,1.00000,0.50000
test,article,test-sk-122,unseen_codes,search,sk,1.00000,1.00000,1.00000,1.00000
test,article,test-sk-123,unseen_codes,everyday,sk,1.00000,1.00000,1.00000,1.00000
test,article,test-sk-125,unseen_codes,legal,sk,1.00000,1.00000,1.00000,1.00000
test,article,test-sk-126,unseen_codes,search,sk,0.50000,1.00000,1.00000,0.33333
test,article,test-sk-124,unseen_codes,everyday,sk,1.00000,1.00000,1.00000,1.00000
test,article,test-sk-126.1,unseen_codes,search,sk,1.00000,1.00000,1.00000,1.00000
test,article,test-sk-127,unseen_codes,search,sk,1.00000,1.00000,1.00000,1.00000
test,article,test-sk-13,unseen_codes,search,sk,1.00000,1.00000,1.00000,1.00000
test,article,test-sk-129,unseen_codes,everyday,sk,1.00000,1.00000,1.00000,1.00000
test,article,test-sk-128,unseen_codes,everyday,sk,1.00000,1.00000,1.00000,1.00000
test,article,test-sk-130,unseen_codes,search,sk,1.00000,1.00000,1.00000,1.00000
test,article,test-sk-131,unseen_codes,legal,sk,1.00000,1.00000,1.00000,1.00000
test,article,test-sk-132,unseen_codes,legal,sk,1.00000,1.00000,1.00000,1.00000
test,article,test-sk-133,unseen_codes,everyday,sk,1.00000,1.00000,1.00000,1.00000
test,article,test-sk-135,unseen_codes,legal,sk,1.00000,1.00000,1.00000,1.00000
test,article,test-sk-134,unseen_codes,everyday,sk,1.00000,1.00000,1.00000,1.00000
test,article,test-sk-136,unseen_codes,everyday,sk,1.00000,1.00000,1.00000,1.00000
test,article,test-sk-137,unseen_codes,legal,sk,1.00000,1.00000,1.00000,1.00000
test,article,test-sk-138,unseen_codes,legal,sk,1.00000,1.00000,1.00000,1.00000
test,article,test-sk-139,unseen_codes,legal,sk,1.00000,1.00000,1.00000,1.00000
test,article,test-sk-14,unseen_codes,legal,sk,1.00000,1.00000,1.00000,1.00000
test,article,test-sk-140,unseen_codes,legal,sk,1.00000,1.00000,1.00000,1.00000
test,article,test-sk-142,unseen_codes,legal,sk,1.00000,1.00000,1.00000,1.00000
test,article,test-sk-141,unseen_codes,everyday,sk,1.00000,1.00000,1.00000,1.00000
test,article,test-sk-143,unseen_codes,legal,sk,1.00000,1.00000,1.00000,1.00000
test,article,test-sk-145,unseen_codes,everyday,sk,0.43068,1.00000,1.00000,0.25000
test,article,test-sk-144,unseen_codes,everyday,sk,1.00000,1.00000,1.00000,1.00000
test,article,test-sk-146,unseen_codes,everyday,sk,1.00000,1.00000,1.00000,1.00000
test,article,test-sk-148.1,unseen_codes,legal,sk,1.00000,1.00000,1.00000,1.00000
test,article,test-sk-148,unseen_codes,everyday,sk,1.00000,1.00000,1.00000,1.00000
test,article,test-sk-15,unseen_codes,legal,sk,1.00000,1.00000,1.00000,1.00000
test,article,test-sk-152,unseen_codes,everyday,sk,0.00000,0.00000,0.00000,0.00000
test,article,test-sk-153,unseen_codes,legal,sk,1.00000,1.00000,1.00000,1.00000
test,article,test-sk-155.1,unseen_codes,search,sk,0.63093,1.00000,1.00000,0.50000
test,article,test-sk-153.1,unseen_codes,legal,sk,1.00000,1.00000,1.00000,1.00000
test,article,test-sk-153.2,unseen_codes,search,sk,1.00000,1.00000,1.00000,1.00000
test,article,test-sk-155.2,unseen_codes,legal,sk,1.00000,1.00000,1.00000,1.00000
test,article,test-sk-156,unseen_codes,legal,sk,1.00000,1.00000,1.00000,1.00000
test,article,test-sk-155.3,unseen_codes,everyday,sk,0.00000,0.00000,0.00000,0.00000
test,article,test-sk-157,unseen_codes,search,sk,1.00000,1.00000,1.00000,1.00000
test,article,test-sk-158,unseen_codes,everyday,sk,1.00000,1.00000,1.00000,1.00000
test,article,test-sk-16,unseen_codes,search,sk,1.00000,1.00000,1.00000,1.00000
test,article,test-sk-159,unseen_codes,legal,sk,1.00000,1.00000,1.00000,1.00000
test,article,test-sk-160,unseen_codes,legal,sk,1.00000,1.00000,1.00000,1.00000
test,article,test-sk-162,unseen_codes,search,sk,0.43068,1.00000,1.00000,0.25000
test,article,test-sk-161,unseen_codes,everyday,sk,0.43068,1.00000,1.00000,0.25000
test,article,test-sk-165,unseen_codes,search,sk,1.00000,1.00000,1.00000,1.00000
test,article,test-sk-163,unseen_codes,everyday,sk,0.50000,1.00000,1.00000,0.33333
test,article,test-sk-164,unseen_codes,everyday,sk,0.50000,1.00000,1.00000,0.33333
test,article,test-sk-167,unseen_codes,search,sk,1.00000,1.00000,1.00000,1.00000
test,article,test-sk-168,unseen_codes,legal,sk,0.63093,1.00000,1.00000,0.50000
test,article,test-sk-169,unseen_codes,legal,sk,0.00000,0.00000,0.00000,0.00000
test,article,test-sk-166,unseen_codes,everyday,sk,1.00000,1.00000,1.00000,1.00000
test,article,test-sk-18,unseen_codes,everyday,sk,0.38685,1.00000,1.00000,0.20000
test,article,test-sk-170,unseen_codes,everyday,sk,0.00000,0.00000,0.00000,0.00000
test,article,test-sk-19,unseen_codes,everyday,sk,1.00000,1.00000,1.00000,1.00000
test,article,test-sk-20,unseen_codes,search,sk,0.63093,1.00000,1.00000,0.50000
test,article,test-sk-2,unseen_codes,legal,sk,0.43068,1.00000,1.00000,0.25000
test,article,test-sk-21,unseen_codes,search,sk,0.38685,1.00000,1.00000,0.20000
test,article,test-sk-22,unseen_codes,everyday,sk,0.50000,1.00000,1.00000,0.33333
test,article,test-sk-23,unseen_codes,everyday,sk,0.63093,1.00000,1.00000,0.50000
test,article,test-sk-24,unseen_codes,everyday,sk,1.00000,1.00000,1.00000,1.00000
test,article,test-sk-25,unseen_codes,legal,sk,1.00000,1.00000,1.00000,1.00000
test,article,test-sk-28,unseen_codes,search,sk,0.63093,1.00000,1.00000,0.50000
test,article,test-sk-26,unseen_codes,everyday,sk,1.00000,1.00000,1.00000,1.00000
test,article,test-sk-27,unseen_codes,everyday,sk,0.63093,1.00000,1.00000,0.50000
test,article,test-sk-3,unseen_codes,legal,sk,1.00000,1.00000,1.00000,1.00000
test,article,test-sk-30,unseen_codes,search,sk,0.63093,1.00000,1.00000,0.50000
test,article,test-sk-29,unseen_codes,everyday,sk,1.00000,1.00000,1.00000,1.00000
test,article,test-sk-31,unseen_codes,search,sk,1.00000,1.00000,1.00000,1.00000
test,article,test-sk-33,unseen_codes,legal,sk,0.63093,1.00000,1.00000,0.50000
test,article,test-sk-34,unseen_codes,legal,sk,1.00000,1.00000,1.00000,1.00000
test,article,test-sk-32,unseen_codes,everyday,sk,1.00000,1.00000,1.00000,1.00000
test,article,test-sk-36,unseen_codes,search,sk,1.00000,1.00000,1.00000,1.00000
test,article,test-sk-35,unseen_codes,legal,sk,1.00000,1.00000,1.00000,1.00000
test,article,test-sk-37,unseen_codes,legal,sk,1.00000,1.00000,1.00000,1.00000
test,article,test-sk-39,unseen_codes,legal,sk,1.00000,1.00000,1.00000,1.00000
test,article,test-sk-4,unseen_codes,search,sk,1.00000,1.00000,1.00000,1.00000
test,article,test-sk-38,unseen_codes,everyday,sk,1.00000,1.00000,1.00000,1.00000
test,article,test-sk-40,unseen_codes,legal,sk,0.63093,1.00000,1.00000,0.50000
test,article,test-sk-41,unseen_codes,search,sk,0.63093,1.00000,1.00000,0.50000
test,article,test-sk-43,unseen_codes,legal,sk,1.00000,1.00000,1.00000,1.00000
test,article,test-sk-44,unseen_codes,legal,sk,1.00000,1.00000,1.00000,1.00000
test,article,test-sk-42,unseen_codes,everyday,sk,0.63093,1.00000,1.00000,0.50000
test,article,test-sk-46,unseen_codes,search,sk,1.00000,1.00000,1.00000,1.00000
test,article,test-sk-48,unseen_codes,search,sk,0.50000,1.00000,1.00000,0.33333
test,article,test-sk-45,unseen_codes,everyday,sk,1.00000,1.00000,1.00000,1.00000
test,article,test-sk-49,unseen_codes,search,sk,1.00000,1.00000,1.00000,1.00000
test,article,test-sk-5,unseen_codes,search,sk,0.00000,0.00000,0.00000,0.00000
test,article,test-sk-50,unseen_codes,search,sk,1.00000,1.00000,1.00000,1.00000
test,article,test-sk-51,unseen_codes,everyday,sk,1.00000,1.00000,1.00000,1.00000
test,article,test-sk-53,unseen_codes,legal,sk,1.00000,1.00000,1.00000,1.00000
test,article,test-sk-52,unseen_codes,everyday,sk,1.00000,1.00000,1.00000,1.00000
test,article,test-sk-55,unseen_codes,legal,sk,0.63093,1.00000,1.00000,0.50000
test,article,test-sk-54,unseen_codes,everyday,sk,0.50000,1.00000,1.00000,0.33333
test,article,test-sk-56,unseen_codes,everyday,sk,1.00000,1.00000,1.00000,1.00000
test,article,test-sk-57,unseen_codes,legal,sk,1.00000,1.00000,1.00000,1.00000
test,article,test-sk-59,unseen_codes,search,sk,1.00000,1.00000,1.00000,1.00000
test,article,test-sk-58,unseen_codes,everyday,sk,0.63093,1.00000,1.00000,0.50000
test,article,test-sk-60,unseen_codes,legal,sk,1.00000,1.00000,1.00000,1.00000
test,article,test-sk-61,unseen_codes,search,sk,0.43068,1.00000,1.00000,0.25000
test,article,test-sk-62,unseen_codes,legal,sk,1.00000,1.00000,1.00000,1.00000
test,article,test-sk-63,unseen_codes,legal,sk,1.00000,1.00000,1.00000,1.00000
test,article,test-sk-6,unseen_codes,everyday,sk,0.63093,1.00000,1.00000,0.50000
test,article,test-sk-65,unseen_codes,search,sk,0.63093,1.00000,1.00000,0.50000
test,article,test-sk-64,unseen_codes,search,sk,0.63093,1.00000,1.00000,0.50000
test,article,test-sk-66,unseen_codes,legal,sk,1.00000,1.00000,1.00000,1.00000
test,article,test-sk-67,unseen_codes,legal,sk,1.00000,1.00000,1.00000,1.00000
test,article,test-sk-68,unseen_codes,everyday,sk,1.00000,1.00000,1.00000,1.00000
test,article,test-sk-69,unseen_codes,everyday,sk,1.00000,1.00000,1.00000,1.00000
test,article,test-sk-71,unseen_codes,search,sk,1.00000,1.00000,1.00000,1.00000
test,article,test-sk-7,unseen_codes,everyday,sk,0.00000,0.00000,0.00000,0.00000
test,article,test-sk-70,unseen_codes,everyday,sk,1.00000,1.00000,1.00000,1.00000
test,article,test-sk-73,unseen_codes,search,sk,1.00000,1.00000,1.00000,1.00000
test,article,test-sk-72,unseen_codes,everyday,sk,1.00000,1.00000,1.00000,1.00000
test,article,test-sk-74,unseen_codes,legal,sk,1.00000,1.00000,1.00000,1.00000
test,article,test-sk-75,unseen_codes,legal,sk,1.00000,1.00000,1.00000,1.00000
test,article,test-sk-76,unseen_codes,search,sk,1.00000,1.00000,1.00000,1.00000
test,article,test-sk-78,unseen_codes,legal,sk,1.00000,1.00000,1.00000,1.00000
test,article,test-sk-77,unseen_codes,everyday,sk,1.00000,1.00000,1.00000,1.00000
test,article,test-sk-79,unseen_codes,legal,sk,1.00000,1.00000,1.00000,1.00000
test,article,test-sk-8,unseen_codes,legal,sk,1.00000,1.00000,1.00000,1.00000
test,article,test-sk-81,unseen_codes,search,sk,1.00000,1.00000,1.00000,1.00000
test,article,test-sk-80,unseen_codes,everyday,sk,0.35621,0.00000,1.00000,0.16667
test,article,test-sk-82,unseen_codes,search,sk,1.00000,1.00000,1.00000,1.00000
test,article,test-sk-84,unseen_codes,search,sk,0.63093,1.00000,1.00000,0.50000
test,article,test-sk-83,unseen_codes,legal,sk,1.00000,1.00000,1.00000,1.00000
test,article,test-sk-85,unseen_codes,legal,sk,1.00000,1.00000,1.00000,1.00000
test,article,test-sk-86,unseen_codes,search,sk,1.00000,1.00000,1.00000,1.00000
test,article,test-sk-88,unseen_codes,search,sk,0.63093,1.00000,1.00000,0.50000
test,article,test-sk-87,unseen_codes,everyday,sk,0.38685,1.00000,1.00000,0.20000
test,article,test-sk-89,unseen_codes,legal,sk,1.00000,1.00000,1.00000,1.00000
test,article,test-sk-9,unseen_codes,search,sk,1.00000,1.00000,1.00000,1.00000
test,article,test-sk-90,unseen_codes,everyday,sk,1.00000,1.00000,1.00000,1.00000
test,article,test-sk-92,unseen_codes,everyday,sk,0.50000,1.00000,1.00000,0.33333
test,article,test-sk-94,unseen_codes,search,sk,1.00000,1.00000,1.00000,1.00000
test,article,test-sk-93,unseen_codes,legal,sk,1.00000,1.00000,1.00000,1.00000
test,article,test-sk-96,unseen_codes,search,sk,1.00000,1.00000,1.00000,1.00000
test,article,test-sk-97,unseen_codes,search,sk,1.00000,1.00000,1.00000,1.00000
test,article,test-sk-95,unseen_codes,legal,sk,1.00000,1.00000,1.00000,1.00000
test,article,test-sk-98,unseen_codes,search,sk,1.00000,1.00000,1.00000,1.00000
test,article,test-sk-99,unseen_codes,search,sk,1.00000,1.00000,1.00000,1.00000
test,article,test-zozpp-1,unseen_codes,legal,zozpp,0.00000,0.00000,0.00000,0.00000
test,article,test-zozpp-11,unseen_codes,search,zozpp,1.00000,1.00000,1.00000,1.00000
test,article,test-zozpp-10,unseen_codes,everyday,zozpp,0.00000,0.00000,0.00000,0.00000
test,article,test-zozpp-10.1,unseen_codes,everyday,zozpp,1.00000,1.00000,1.00000,1.00000
test,article,test-zozpp-13,unseen_codes,search,zozpp,1.00000,1.00000,1.00000,1.00000
test,article,test-zozpp-12,unseen_codes,legal,zozpp,1.00000,1.00000,1.00000,1.00000
test,article,test-zozpp-14,unseen_codes,everyday,zozpp,0.38685,1.00000,1.00000,0.20000
test,article,test-zozpp-15,unseen_codes,legal,zozpp,1.00000,1.00000,1.00000,1.00000
test,article,test-zozpp-16,unseen_codes,search,zozpp,0.00000,0.00000,0.00000,0.00000
test,article,test-zozpp-16.1,unseen_codes,search,zozpp,0.00000,0.00000,0.00000,0.00000
test,article,test-zozpp-17,unseen_codes,search,zozpp,1.00000,1.00000,1.00000,1.00000
test,article,test-zozpp-18,unseen_codes,search,zozpp,1.00000,1.00000,1.00000,1.00000
test,article,test-zozpp-2,unseen_codes,search,zozpp,0.63093,1.00000,1.00000,0.50000
test,article,test-zozpp-19,unseen_codes,legal,zozpp,1.00000,1.00000,1.00000,1.00000
test,article,test-zozpp-21,unseen_codes,search,zozpp,1.00000,1.00000,1.00000,1.00000
test,article,test-zozpp-22,unseen_codes,search,zozpp,1.00000,1.00000,1.00000,1.00000
test,article,test-zozpp-20,unseen_codes,everyday,zozpp,1.00000,1.00000,1.00000,1.00000
test,article,test-zozpp-23.1,unseen_codes,search,zozpp,0.63093,1.00000,1.00000,0.50000
test,article,test-zozpp-23,unseen_codes,legal,zozpp,1.00000,1.00000,1.00000,1.00000
test,article,test-zozpp-24,unseen_codes,everyday,zozpp,1.00000,1.00000,1.00000,1.00000
test,article,test-zozpp-25,unseen_codes,everyday,zozpp,0.63093,1.00000,1.00000,0.50000
test,article,test-zozpp-26.1,unseen_codes,everyday,zozpp,0.00000,0.00000,0.00000,0.00000
test,article,test-zozpp-27,unseen_codes,search,zozpp,1.00000,1.00000,1.00000,1.00000
test,article,test-zozpp-28,unseen_codes,search,zozpp,0.00000,0.00000,0.00000,0.00000
test,article,test-zozpp-3,unseen_codes,search,zozpp,1.00000,1.00000,1.00000,1.00000
test,article,test-zozpp-29,unseen_codes,legal,zozpp,1.00000,1.00000,1.00000,1.00000
test,article,test-zozpp-32,unseen_codes,search,zozpp,1.00000,1.00000,1.00000,1.00000
test,article,test-zozpp-30,unseen_codes,everyday,zozpp,0.63093,1.00000,1.00000,0.50000
test,article,test-zozpp-33,unseen_codes,search,zozpp,1.00000,1.00000,1.00000,1.00000
test,article,test-zozpp-31,unseen_codes,everyday,zozpp,0.43068,1.00000,1.00000,0.25000
test,article,test-zozpp-35,unseen_codes,search,zozpp,0.63093,1.00000,1.00000,0.50000
test,article,test-zozpp-34,unseen_codes,everyday,zozpp,1.00000,1.00000,1.00000,1.00000
test,article,test-zozpp-37,unseen_codes,everyday,zozpp,1.00000,1.00000,1.00000,1.00000
test,article,test-zozpp-39,unseen_codes,search,zozpp,1.00000,1.00000,1.00000,1.00000
test,article,test-zozpp-36,unseen_codes,everyday,zozpp,1.00000,1.00000,1.00000,1.00000
test,article,test-zozpp-40,unseen_codes,legal,zozpp,0.00000,0.00000,0.00000,0.00000
test,article,test-zozpp-41,unseen_codes,everyday,zozpp,1.00000,1.00000,1.00000,1.00000
test,article,test-zozpp-42.1,unseen_codes,search,zozpp,1.00000,1.00000,1.00000,1.00000
test,article,test-zozpp-42.3,unseen_codes,legal,zozpp,1.00000,1.00000,1.00000,1.00000
test,article,test-zozpp-42.2,unseen_codes,legal,zozpp,1.00000,1.00000,1.00000,1.00000
test,article,test-zozpp-43,unseen_codes,everyday,zozpp,0.00000,0.00000,0.00000,0.00000
test,article,test-zozpp-45,unseen_codes,search,zozpp,1.00000,1.00000,1.00000,1.00000
test,article,test-zozpp-44,unseen_codes,search,zozpp,1.00000,1.00000,1.00000,1.00000
test,article,test-zozpp-46,unseen_codes,legal,zozpp,1.00000,1.00000,1.00000,1.00000
test,article,test-zozpp-6,unseen_codes,everyday,zozpp,0.50000,1.00000,1.00000,0.33333
test,article,test-zozpp-5,unseen_codes,everyday,zozpp,0.00000,0.00000,0.00000,0.00000
test,article,test-zozpp-7,unseen_codes,legal,zozpp,0.43068,1.00000,1.00000,0.25000
test,article,test-zozpp-9,unseen_codes,search,zozpp,0.38685,1.00000,1.00000,0.20000
test,article,test-zozpp-8,unseen_codes,legal,zozpp,0.63093,1.00000,1.00000,0.50000
golden,article,test-gk-1017,seen,legal,gk,0.79039,0.50000,1.00000,1.00000
golden,article,test-gk-1048,unseen_articles,legal,gk,0.63093,1.00000,1.00000,0.50000
golden,article,test-gk-1055,unseen_articles,legal,gk,1.00000,1.00000,1.00000,1.00000
golden,article,test-gk-1079,seen,everyday,gk,0.00000,0.00000,0.00000,0.00000
golden,article,test-gk-1085,seen,everyday,gk,0.63093,1.00000,1.00000,0.50000
golden,article,test-gk-1190,unseen_articles,legal,gk,1.00000,1.00000,1.00000,1.00000
golden,article,test-gk-123.20-5,seen,search,gk,1.00000,1.00000,1.00000,1.00000
golden,article,test-gk-135,unseen_articles,everyday,gk,0.00000,0.00000,0.00000,0.00000
golden,article,test-gk-1357,seen,legal,gk,0.91972,1.00000,1.00000,1.00000
golden,article,test-gk-136,unseen_articles,legal,gk,1.00000,1.00000,1.00000,1.00000
golden,article,test-gk-1368,unseen_articles,search,gk,1.00000,1.00000,1.00000,1.00000
golden,article,test-gk-1369,seen,everyday,gk,1.00000,1.00000,1.00000,1.00000
golden,article,test-gk-1386,unseen_articles,everyday,gk,0.30103,0.00000,1.00000,0.11111
golden,article,test-gk-1427,seen,legal,gk,0.87722,1.00000,1.00000,1.00000
golden,article,test-gk-1439,unseen_articles,everyday,gk,0.91972,1.00000,1.00000,1.00000
golden,article,test-gk-1445,unseen_articles,everyday,gk,1.00000,1.00000,1.00000,1.00000
golden,article,test-gk-1471,seen,search,gk,0.50000,1.00000,1.00000,0.33333
golden,article,test-gk-1483,seen,search,gk,1.00000,1.00000,1.00000,1.00000
golden,article,test-gk-1484,unseen_articles,everyday,gk,0.50000,1.00000,1.00000,0.33333
golden,article,test-gk-1523,seen,everyday,gk,1.00000,1.00000,1.00000,1.00000
golden,article,test-gk-177,seen,search,gk,1.00000,1.00000,1.00000,1.00000
golden,article,test-gk-181.3,seen,legal,gk,1.00000,1.00000,1.00000,1.00000
golden,article,test-gk-183,seen,legal,gk,1.00000,1.00000,1.00000,1.00000
golden,article,test-gk-213,unseen_articles,legal,gk,1.00000,1.00000,1.00000,1.00000
golden,article,test-gk-219,unseen_articles,everyday,gk,0.00000,0.00000,0.00000,0.00000
golden,article,test-gk-245,unseen_articles,legal,gk,1.00000,1.00000,1.00000,1.00000
golden,article,test-gk-31,unseen_articles,search,gk,1.00000,1.00000,1.00000,1.00000
golden,article,test-gk-310,unseen_articles,search,gk,0.91972,1.00000,1.00000,1.00000
golden,article,test-gk-333,seen,legal,gk,1.00000,1.00000,1.00000,1.00000
golden,article,test-gk-356,seen,legal,gk,1.00000,1.00000,1.00000,1.00000
golden,article,test-gk-358.10,unseen_articles,search,gk,1.00000,1.00000,1.00000,1.00000
golden,article,test-gk-358.14,seen,search,gk,1.00000,1.00000,1.00000,1.00000
golden,article,test-gk-358.7,seen,legal,gk,0.87722,1.00000,1.00000,1.00000
golden,article,test-gk-45,seen,everyday,gk,1.00000,1.00000,1.00000,1.00000
golden,article,test-gk-484,unseen_articles,everyday,gk,0.63093,1.00000,1.00000,0.50000
golden,article,test-gk-507,unseen_articles,everyday,gk,0.38685,1.00000,1.00000,0.20000
golden,article,test-gk-542,seen,everyday,gk,1.00000,1.00000,1.00000,1.00000
golden,article,test-gk-60.2,unseen_articles,legal,gk,1.00000,1.00000,1.00000,1.00000
golden,article,test-gk-606,seen,search,gk,1.00000,1.00000,1.00000,1.00000
golden,article,test-gk-63,seen,everyday,gk,0.65092,1.00000,1.00000,0.50000
golden,article,test-gk-64.2,seen,search,gk,1.00000,1.00000,1.00000,1.00000
golden,article,test-gk-644,unseen_articles,everyday,gk,1.00000,1.00000,1.00000,1.00000
golden,article,test-gk-65.3,seen,legal,gk,1.00000,1.00000,1.00000,1.00000
golden,article,test-gk-724,unseen_articles,search,gk,0.76536,0.66667,0.66667,1.00000
golden,article,test-gk-731,unseen_articles,legal,gk,0.81753,0.50000,1.00000,1.00000
golden,article,test-gk-745,seen,everyday,gk,0.29608,0.33333,0.33333,0.50000
golden,article,test-gk-804,unseen_articles,everyday,gk,1.00000,1.00000,1.00000,1.00000
golden,article,test-gk-846,seen,everyday,gk,1.00000,1.00000,1.00000,1.00000
golden,article,test-gk-860.13,seen,search,gk,1.00000,1.00000,1.00000,1.00000
golden,article,test-gk-860.5,seen,search,gk,1.00000,1.00000,1.00000,1.00000
golden,article,test-gk-860.8,unseen_articles,legal,gk,1.00000,1.00000,1.00000,1.00000
golden,article,test-gk-864,seen,search,gk,1.00000,1.00000,1.00000,1.00000
golden,article,test-gk-867,unseen_articles,search,gk,1.00000,1.00000,1.00000,1.00000
golden,article,test-gk-88,seen,search,gk,1.00000,1.00000,1.00000,1.00000
golden,article,test-gk-89,unseen_articles,search,gk,0.38685,0.50000,0.50000,0.50000
golden,article,test-gk-926.3,seen,legal,gk,1.00000,1.00000,1.00000,1.00000
golden,article,test-gk-991,unseen_articles,everyday,gk,0.00000,0.00000,0.00000,0.00000
golden,article,test-koap-12.30,seen,legal,koap,1.00000,1.00000,1.00000,1.00000
golden,article,test-koap-12.4,seen,search,koap,0.91972,1.00000,1.00000,1.00000
golden,article,test-koap-13.13,unseen_articles,legal,koap,1.00000,1.00000,1.00000,1.00000
golden,article,test-koap-14.15,unseen_articles,search,koap,1.00000,1.00000,1.00000,1.00000
golden,article,test-koap-14.46.1,unseen_articles,search,koap,1.00000,1.00000,1.00000,1.00000
golden,article,test-koap-14.56.1,seen,legal,koap,1.00000,1.00000,1.00000,1.00000
golden,article,test-koap-14.57,unseen_articles,everyday,koap,0.38685,1.00000,1.00000,0.20000
golden,article,test-koap-15.27.3,seen,legal,koap,1.00000,1.00000,1.00000,1.00000
golden,article,test-koap-15.30,unseen_articles,everyday,koap,0.00000,0.00000,0.00000,0.00000
golden,article,test-koap-17.17,unseen_articles,legal,koap,1.00000,1.00000,1.00000,1.00000
golden,article,test-koap-2.1,unseen_articles,everyday,koap,0.00000,0.00000,0.00000,0.00000
golden,article,test-koap-20.25,seen,search,koap,1.00000,1.00000,1.00000,1.00000
golden,article,test-koap-20.5.1,seen,everyday,koap,1.00000,1.00000,1.00000,1.00000
golden,article,test-koap-23.15,seen,legal,koap,0.63093,1.00000,1.00000,0.50000
golden,article,test-koap-23.56,unseen_articles,legal,koap,0.63093,1.00000,1.00000,0.50000
golden,article,test-koap-27.11,unseen_articles,search,koap,1.00000,1.00000,1.00000,1.00000
golden,article,test-koap-27.14,seen,search,koap,1.00000,1.00000,1.00000,1.00000
golden,article,test-koap-28.8,unseen_articles,legal,koap,0.50000,1.00000,1.00000,0.33333
golden,article,test-koap-29.6,seen,search,koap,1.00000,1.00000,1.00000,1.00000
golden,article,test-koap-30.12,seen,everyday,koap,1.00000,1.00000,1.00000,1.00000
golden,article,test-koap-30.4,unseen_articles,everyday,koap,1.00000,1.00000,1.00000,1.00000
golden,article,test-koap-5.24,unseen_articles,legal,koap,1.00000,1.00000,1.00000,1.00000
golden,article,test-koap-5.3,unseen_articles,search,koap,0.63093,1.00000,1.00000,0.50000
golden,article,test-koap-5.53,unseen_articles,legal,koap,0.87722,1.00000,1.00000,1.00000
golden,article,test-koap-5.63,seen,everyday,koap,0.00000,0.00000,0.00000,0.00000
golden,article,test-koap-5.8,seen,search,koap,0.46845,0.50000,1.00000,0.25000
golden,article,test-koap-6.32,seen,everyday,koap,1.00000,1.00000,1.00000,1.00000
golden,article,test-koap-6.9,seen,legal,koap,0.63093,1.00000,1.00000,0.50000
golden,article,test-koap-7.27.1,unseen_articles,search,koap,1.00000,1.00000,1.00000,1.00000
golden,article,test-koap-7.35,seen,search,koap,1.00000,1.00000,1.00000,1.00000
golden,article,test-koap-7.7,unseen_articles,legal,koap,0.80657,0.50000,1.00000,1.00000
golden,article,test-koap-8.28.1,unseen_articles,everyday,koap,1.00000,1.00000,1.00000,1.00000
golden,article,test-koap-8.47,seen,search,koap,1.00000,1.00000,1.00000,1.00000
golden,article,test-sk-1,unseen_codes,legal,sk,1.00000,1.00000,1.00000,1.00000
golden,article,test-sk-10,unseen_codes,search,sk,1.00000,1.00000,1.00000,1.00000
golden,article,test-sk-100,unseen_codes,legal,sk,1.00000,1.00000,1.00000,1.00000
golden,article,test-sk-103,unseen_codes,search,sk,0.91972,1.00000,1.00000,1.00000
golden,article,test-sk-112,unseen_codes,everyday,sk,1.00000,1.00000,1.00000,1.00000
golden,article,test-sk-12,unseen_codes,everyday,sk,1.00000,1.00000,1.00000,1.00000
golden,article,test-sk-121,unseen_codes,search,sk,1.00000,1.00000,1.00000,1.00000
golden,article,test-sk-124,unseen_codes,everyday,sk,1.00000,1.00000,1.00000,1.00000
golden,article,test-sk-125,unseen_codes,legal,sk,1.00000,1.00000,1.00000,1.00000
golden,article,test-sk-128,unseen_codes,everyday,sk,1.00000,1.00000,1.00000,1.00000
golden,article,test-sk-129,unseen_codes,everyday,sk,1.00000,1.00000,1.00000,1.00000
golden,article,test-sk-130,unseen_codes,search,sk,1.00000,1.00000,1.00000,1.00000
golden,article,test-sk-131,unseen_codes,legal,sk,1.00000,1.00000,1.00000,1.00000
golden,article,test-sk-136,unseen_codes,everyday,sk,1.00000,1.00000,1.00000,1.00000
golden,article,test-sk-137,unseen_codes,legal,sk,1.00000,1.00000,1.00000,1.00000
golden,article,test-sk-139,unseen_codes,legal,sk,1.00000,1.00000,1.00000,1.00000
golden,article,test-sk-155.1,unseen_codes,search,sk,0.63093,1.00000,1.00000,0.50000
golden,article,test-sk-159,unseen_codes,legal,sk,1.00000,1.00000,1.00000,1.00000
golden,article,test-sk-163,unseen_codes,everyday,sk,0.50000,1.00000,1.00000,0.33333
golden,article,test-sk-165,unseen_codes,search,sk,0.91972,1.00000,1.00000,1.00000
golden,article,test-sk-167,unseen_codes,search,sk,1.00000,1.00000,1.00000,1.00000
golden,article,test-sk-168,unseen_codes,legal,sk,0.63093,1.00000,1.00000,0.50000
golden,article,test-sk-18,unseen_codes,everyday,sk,0.50127,1.00000,1.00000,0.25000
golden,article,test-sk-25,unseen_codes,legal,sk,1.00000,1.00000,1.00000,1.00000
golden,article,test-sk-28,unseen_codes,search,sk,0.63093,1.00000,1.00000,0.50000
golden,article,test-sk-31,unseen_codes,search,sk,1.00000,1.00000,1.00000,1.00000
golden,article,test-sk-33,unseen_codes,legal,sk,0.69343,1.00000,1.00000,0.50000
golden,article,test-sk-37,unseen_codes,legal,sk,0.91972,1.00000,1.00000,1.00000
golden,article,test-sk-42,unseen_codes,everyday,sk,0.63093,1.00000,1.00000,0.50000
golden,article,test-sk-49,unseen_codes,search,sk,1.00000,1.00000,1.00000,1.00000
golden,article,test-sk-51,unseen_codes,everyday,sk,1.00000,1.00000,1.00000,1.00000
golden,article,test-sk-55,unseen_codes,legal,sk,0.63093,1.00000,1.00000,0.50000
golden,article,test-sk-56,unseen_codes,everyday,sk,1.00000,1.00000,1.00000,1.00000
golden,article,test-sk-62,unseen_codes,legal,sk,1.00000,1.00000,1.00000,1.00000
golden,article,test-sk-66,unseen_codes,legal,sk,1.00000,1.00000,1.00000,1.00000
golden,article,test-sk-68,unseen_codes,everyday,sk,1.00000,1.00000,1.00000,1.00000
golden,article,test-sk-71,unseen_codes,search,sk,1.00000,1.00000,1.00000,1.00000
golden,article,test-sk-72,unseen_codes,everyday,sk,1.00000,1.00000,1.00000,1.00000
golden,article,test-sk-77,unseen_codes,everyday,sk,1.00000,1.00000,1.00000,1.00000
golden,article,test-sk-81,unseen_codes,search,sk,1.00000,1.00000,1.00000,1.00000
golden,article,test-sk-85,unseen_codes,legal,sk,1.00000,1.00000,1.00000,1.00000
golden,article,test-sk-90,unseen_codes,everyday,sk,1.00000,1.00000,1.00000,1.00000
golden,article,test-sk-93,unseen_codes,legal,sk,1.00000,1.00000,1.00000,1.00000
golden,article,test-sk-94,unseen_codes,search,sk,1.00000,1.00000,1.00000,1.00000
golden,article,test-sk-95,unseen_codes,legal,sk,1.00000,1.00000,1.00000,1.00000
golden,article,test-sk-99,unseen_codes,search,sk,1.00000,1.00000,1.00000,1.00000
golden,article,test-tk-131,seen,legal,tk,1.00000,1.00000,1.00000,1.00000
golden,article,test-tk-138,seen,everyday,tk,1.00000,1.00000,1.00000,1.00000
golden,article,test-tk-171,unseen_articles,search,tk,0.69788,0.66667,1.00000,0.50000
golden,article,test-tk-186.1,unseen_articles,everyday,tk,1.00000,1.00000,1.00000,1.00000
golden,article,test-tk-19,unseen_articles,legal,tk,0.91972,1.00000,1.00000,1.00000
golden,article,test-tk-197,unseen_articles,legal,tk,1.00000,1.00000,1.00000,1.00000
golden,article,test-tk-222,seen,everyday,tk,1.00000,1.00000,1.00000,1.00000
golden,article,test-tk-229,seen,legal,tk,1.00000,1.00000,1.00000,1.00000
golden,article,test-tk-262,unseen_articles,search,tk,1.00000,1.00000,1.00000,1.00000
golden,article,test-tk-324,seen,search,tk,1.00000,1.00000,1.00000,1.00000
golden,article,test-tk-348.2,unseen_articles,search,tk,1.00000,1.00000,1.00000,1.00000
golden,article,test-tk-351.7,seen,legal,tk,1.00000,1.00000,1.00000,1.00000
golden,article,test-tk-386,seen,search,tk,1.00000,1.00000,1.00000,1.00000
golden,article,test-tk-403,seen,legal,tk,1.00000,1.00000,1.00000,1.00000
golden,article,test-tk-41,unseen_articles,everyday,tk,1.00000,1.00000,1.00000,1.00000
golden,article,test-tk-415,seen,everyday,tk,0.45749,0.50000,1.00000,0.25000
golden,article,test-tk-80,unseen_articles,search,tk,0.91972,1.00000,1.00000,1.00000
golden,article,test-zhk-109,unseen_articles,everyday,zhk,0.63093,1.00000,1.00000,0.50000
golden,article,test-zhk-143,unseen_articles,legal,zhk,1.00000,1.00000,1.00000,1.00000
golden,article,test-zhk-167,unseen_articles,search,zhk,1.00000,1.00000,1.00000,1.00000
golden,article,test-zhk-193,seen,legal,zhk,1.00000,1.00000,1.00000,1.00000
golden,article,test-zhk-46,seen,everyday,zhk,1.00000,1.00000,1.00000,1.00000
golden,article,test-zhk-49,unseen_articles,search,zhk,0.63093,1.00000,1.00000,0.50000
golden,article,test-zhk-60,unseen_articles,search,zhk,0.38685,1.00000,1.00000,0.20000
golden,article,test-zhk-68,unseen_articles,search,zhk,1.00000,1.00000,1.00000,1.00000
golden,article,test-zhk-91.19,seen,everyday,zhk,1.00000,1.00000,1.00000,1.00000
golden,article,test-zozpp-10,unseen_codes,everyday,zozpp,0.61315,0.50000,0.50000,1.00000
golden,article,test-zozpp-13,unseen_codes,search,zozpp,1.00000,1.00000,1.00000,1.00000
golden,article,test-zozpp-17,unseen_codes,search,zozpp,1.00000,1.00000,1.00000,1.00000
golden,article,test-zozpp-21,unseen_codes,search,zozpp,1.00000,1.00000,1.00000,1.00000
golden,article,test-zozpp-3,unseen_codes,search,zozpp,1.00000,1.00000,1.00000,1.00000
golden,article,test-zozpp-30,unseen_codes,everyday,zozpp,1.00000,1.00000,1.00000,1.00000
golden,article,test-zozpp-34,unseen_codes,everyday,zozpp,0.91972,1.00000,1.00000,1.00000
golden,article,test-zozpp-35,unseen_codes,search,zozpp,0.63093,1.00000,1.00000,0.50000
golden,article,test-zozpp-42.2,unseen_codes,legal,zozpp,1.00000,1.00000,1.00000,1.00000
golden,article,test-zozpp-46,unseen_codes,legal,zozpp,1.00000,1.00000,1.00000,1.00000
golden,article,test-zozpp-7,unseen_codes,legal,zozpp,0.43068,1.00000,1.00000,0.25000
golden,article,test-zozpp-9,unseen_codes,search,zozpp,0.38685,1.00000,1.00000,0.20000
external,article,ext-1,tk_rf_rag,external,tk,0.63093,1.00000,1.00000,0.50000
external,article,ext-2,tk_rf_rag,external,tk,1.00000,1.00000,1.00000,1.00000
external,article,ext-3,tk_rf_rag,external,tk,1.00000,1.00000,1.00000,1.00000
external,article,ext-4,tk_rf_rag,external,tk,1.00000,1.00000,1.00000,1.00000
external,article,ext-5,tk_rf_rag,external,tk,1.00000,1.00000,1.00000,1.00000
external,article,ext-6,tk_rf_rag,external,tk,0.63093,1.00000,1.00000,0.50000
external,article,ext-7,tk_rf_rag,external,tk,1.00000,1.00000,1.00000,1.00000
external,article,ext-8,tk_rf_rag,external,tk,0.50000,1.00000,1.00000,0.33333
external,article,ext-9,tk_rf_rag,external,tk,1.00000,1.00000,1.00000,1.00000
external,article,ext-10,tk_rf_rag,external,tk,1.00000,1.00000,1.00000,1.00000
external,article,ext-11,tk_rf_rag,external,tk,1.00000,1.00000,1.00000,1.00000
external,article,ext-12,tk_rf_rag,external,tk,0.63093,1.00000,1.00000,0.50000
external,article,ext-13,tk_rf_rag,external,tk,1.00000,1.00000,1.00000,1.00000
external,article,ext-14,tk_rf_rag,external,tk,1.00000,1.00000,1.00000,1.00000
external,article,ext-15,tk_rf_rag,external,tk,1.00000,1.00000,1.00000,1.00000
external,article,ext-16,tk_rf_rag,external,tk,1.00000,1.00000,1.00000,1.00000
external,article,ext-17,tk_rf_rag,external,tk,1.00000,1.00000,1.00000,1.00000
external,article,ext-18,tk_rf_rag,external,tk,1.00000,1.00000,1.00000,1.00000
external,article,ext-19,tk_rf_rag,external,tk,1.00000,1.00000,1.00000,1.00000
external,article,ext-20,tk_rf_rag,external,tk,0.63093,1.00000,1.00000,0.50000
external,article,ext-21,tk_rf_rag,external,tk,1.00000,1.00000,1.00000,1.00000
external,article,ext-22,tk_rf_rag,external,tk,1.00000,1.00000,1.00000,1.00000
external,article,ext-23,tk_rf_rag,external,tk,1.00000,1.00000,1.00000,1.00000
external,article,ext-24,tk_rf_rag,external,tk,1.00000,1.00000,1.00000,1.00000
external,article,ext-25,tk_rf_rag,external,tk,1.00000,1.00000,1.00000,1.00000
tk_hard,article,tkhard-tk-2-search,seen,search,tk,1.00000,1.00000,1.00000,1.00000
tk_hard,article,tkhard-tk-2-everyday,seen,everyday,tk,0.00000,0.00000,0.00000,0.00000
tk_hard,article,tkhard-tk-1-everyday,seen,everyday,tk,0.00000,0.00000,0.00000,0.00000
tk_hard,article,tkhard-tk-3-everyday,seen,everyday,tk,0.31546,0.00000,1.00000,0.12500
tk_hard,article,tkhard-tk-4-search,seen,search,tk,1.00000,1.00000,1.00000,1.00000
tk_hard,article,tkhard-tk-4-everyday,seen,everyday,tk,0.63093,1.00000,1.00000,0.50000
tk_hard,article,tkhard-tk-6-search,seen,search,tk,0.38685,1.00000,1.00000,0.20000
tk_hard,article,tkhard-tk-8-search,seen,search,tk,1.00000,1.00000,1.00000,1.00000
tk_hard,article,tkhard-tk-8-everyday,seen,everyday,tk,0.00000,0.00000,0.00000,0.00000
tk_hard,article,tkhard-tk-6-everyday,seen,everyday,tk,0.50000,1.00000,1.00000,0.33333
tk_hard,article,tkhard-tk-9-search,seen,search,tk,0.00000,0.00000,0.00000,0.00000
tk_hard,article,tkhard-tk-9-everyday,seen,everyday,tk,0.50000,1.00000,1.00000,0.33333
tk_hard,article,tkhard-tk-11-search,seen,search,tk,0.00000,0.00000,0.00000,0.00000
tk_hard,article,tkhard-tk-10-everyday,seen,everyday,tk,1.00000,1.00000,1.00000,1.00000
tk_hard,article,tkhard-tk-12-search,seen,search,tk,0.28906,0.00000,1.00000,0.10000
tk_hard,article,tkhard-tk-11-everyday,seen,everyday,tk,0.00000,0.00000,0.00000,0.00000
tk_hard,article,tkhard-tk-12-everyday,seen,everyday,tk,0.00000,0.00000,0.00000,0.00000
tk_hard,article,tkhard-tk-13-search,seen,search,tk,1.00000,1.00000,1.00000,1.00000
tk_hard,article,tkhard-tk-13-everyday,seen,everyday,tk,0.00000,0.00000,0.00000,0.00000
tk_hard,article,tkhard-tk-14-search,seen,search,tk,1.00000,1.00000,1.00000,1.00000
tk_hard,article,tkhard-tk-14-everyday,seen,everyday,tk,0.35621,0.00000,1.00000,0.16667
tk_hard,article,tkhard-tk-16-search,unseen_articles,search,tk,1.00000,1.00000,1.00000,1.00000
tk_hard,article,tkhard-tk-16-everyday,unseen_articles,everyday,tk,0.00000,0.00000,0.00000,0.00000
tk_hard,article,tkhard-tk-17-everyday,seen,everyday,tk,0.00000,0.00000,0.00000,0.00000
tk_hard,article,tkhard-tk-18-search,seen,search,tk,1.00000,1.00000,1.00000,1.00000
tk_hard,article,tkhard-tk-18-everyday,seen,everyday,tk,0.38685,1.00000,1.00000,0.20000
tk_hard,article,tkhard-tk-19-search,unseen_articles,search,tk,0.63093,1.00000,1.00000,0.50000
tk_hard,article,tkhard-tk-19.1-search,seen,search,tk,1.00000,1.00000,1.00000,1.00000
tk_hard,article,tkhard-tk-19-everyday,unseen_articles,everyday,tk,0.50000,1.00000,1.00000,0.33333
tk_hard,article,tkhard-tk-19.1-everyday,seen,everyday,tk,1.00000,1.00000,1.00000,1.00000
tk_hard,article,tkhard-tk-20-search,unseen_articles,search,tk,1.00000,1.00000,1.00000,1.00000
tk_hard,article,tkhard-tk-20-everyday,unseen_articles,everyday,tk,0.30103,0.00000,1.00000,0.11111
tk_hard,article,tkhard-tk-21-search,unseen_articles,search,tk,0.63093,1.00000,1.00000,0.50000
tk_hard,article,tkhard-tk-21-everyday,unseen_articles,everyday,tk,0.00000,0.00000,0.00000,0.00000
tk_hard,article,tkhard-tk-22-search,seen,search,tk,0.33333,0.00000,1.00000,0.14286
tk_hard,article,tkhard-tk-22-everyday,seen,everyday,tk,0.00000,0.00000,0.00000,0.00000
tk_hard,article,tkhard-tk-22.2-search,seen,search,tk,1.00000,1.00000,1.00000,1.00000
tk_hard,article,tkhard-tk-22.2-everyday,seen,everyday,tk,0.63093,1.00000,1.00000,0.50000
tk_hard,article,tkhard-tk-22.3-search,seen,search,tk,1.00000,1.00000,1.00000,1.00000
tk_hard,article,tkhard-tk-22.3-everyday,seen,everyday,tk,1.00000,1.00000,1.00000,1.00000
tk_hard,article,tkhard-tk-23-everyday,seen,everyday,tk,0.00000,0.00000,0.00000,0.00000
tk_hard,article,tkhard-tk-24-everyday,seen,everyday,tk,0.00000,0.00000,0.00000,0.00000
tk_hard,article,tkhard-tk-25-everyday,seen,everyday,tk,0.00000,0.00000,0.00000,0.00000
tk_hard,article,tkhard-tk-26-everyday,seen,everyday,tk,0.00000,0.00000,0.00000,0.00000
tk_hard,article,tkhard-tk-27-everyday,seen,everyday,tk,1.00000,1.00000,1.00000,1.00000
tk_hard,article,tkhard-tk-28-search,seen,search,tk,1.00000,1.00000,1.00000,1.00000
tk_hard,article,tkhard-tk-28-everyday,seen,everyday,tk,0.00000,0.00000,0.00000,0.00000
tk_hard,article,tkhard-tk-29-search,unseen_articles,search,tk,0.50000,1.00000,1.00000,0.33333
tk_hard,article,tkhard-tk-29-everyday,unseen_articles,everyday,tk,0.63093,1.00000,1.00000,0.50000
tk_hard,article,tkhard-tk-30-search,seen,search,tk,1.00000,1.00000,1.00000,1.00000
tk_hard,article,tkhard-tk-30-everyday,seen,everyday,tk,1.00000,1.00000,1.00000,1.00000
tk_hard,article,tkhard-tk-31-search,seen,search,tk,1.00000,1.00000,1.00000,1.00000
tk_hard,article,tkhard-tk-31-everyday,seen,everyday,tk,1.00000,1.00000,1.00000,1.00000
tk_hard,article,tkhard-tk-32-search,seen,search,tk,1.00000,1.00000,1.00000,1.00000
tk_hard,article,tkhard-tk-32-everyday,seen,everyday,tk,1.00000,1.00000,1.00000,1.00000
tk_hard,article,tkhard-tk-33-everyday,unseen_articles,everyday,tk,0.33333,0.00000,1.00000,0.14286
tk_hard,article,tkhard-tk-34-search,seen,search,tk,1.00000,1.00000,1.00000,1.00000
tk_hard,article,tkhard-tk-34-everyday,seen,everyday,tk,1.00000,1.00000,1.00000,1.00000
tk_hard,article,tkhard-tk-35-search,seen,search,tk,1.00000,1.00000,1.00000,1.00000
tk_hard,article,tkhard-tk-35-everyday,seen,everyday,tk,0.00000,0.00000,0.00000,0.00000
tk_hard,article,tkhard-tk-35.1-search,seen,search,tk,0.33333,0.00000,1.00000,0.14286
tk_hard,article,tkhard-tk-36-search,seen,search,tk,0.50000,1.00000,1.00000,0.33333
tk_hard,article,tkhard-tk-36-everyday,seen,everyday,tk,1.00000,1.00000,1.00000,1.00000
tk_hard,article,tkhard-tk-35.1-everyday,seen,everyday,tk,0.00000,0.00000,0.00000,0.00000
tk_hard,article,tkhard-tk-37-search,seen,search,tk,0.63093,1.00000,1.00000,0.50000
tk_hard,article,tkhard-tk-37-everyday,seen,everyday,tk,1.00000,1.00000,1.00000,1.00000
tk_hard,article,tkhard-tk-39-search,seen,search,tk,1.00000,1.00000,1.00000,1.00000
tk_hard,article,tkhard-tk-39-everyday,seen,everyday,tk,0.43068,1.00000,1.00000,0.25000
tk_hard,article,tkhard-tk-40-everyday,seen,everyday,tk,1.00000,1.00000,1.00000,1.00000
tk_hard,article,tkhard-tk-41-search,unseen_articles,search,tk,0.50000,1.00000,1.00000,0.33333
tk_hard,article,tkhard-tk-41-everyday,unseen_articles,everyday,tk,0.00000,0.00000,0.00000,0.00000
tk_hard,article,tkhard-tk-48-search,seen,search,tk,0.63093,1.00000,1.00000,0.50000
tk_hard,article,tkhard-tk-49-search,seen,search,tk,0.63093,1.00000,1.00000,0.50000
tk_hard,article,tkhard-tk-49-everyday,seen,everyday,tk,0.43068,1.00000,1.00000,0.25000
tk_hard,article,tkhard-tk-48-everyday,seen,everyday,tk,1.00000,1.00000,1.00000,1.00000
tk_hard,article,tkhard-tk-51-everyday,seen,everyday,tk,1.00000,1.00000,1.00000,1.00000
tk_hard,article,tkhard-tk-52-everyday,seen,everyday,tk,0.43068,1.00000,1.00000,0.25000
tk_hard,article,tkhard-tk-50-everyday,seen,everyday,tk,0.38685,1.00000,1.00000,0.20000
tk_hard,article,tkhard-tk-53.1-search,seen,search,tk,1.00000,1.00000,1.00000,1.00000
tk_hard,article,tkhard-tk-53-everyday,seen,everyday,tk,0.63093,1.00000,1.00000,0.50000
tk_hard,article,tkhard-tk-53.1-everyday,seen,everyday,tk,0.63093,1.00000,1.00000,0.50000
tk_hard,article,tkhard-tk-54-search,seen,search,tk,0.50000,1.00000,1.00000,0.33333
tk_hard,article,tkhard-tk-55-everyday,seen,everyday,tk,0.63093,1.00000,1.00000,0.50000
tk_hard,article,tkhard-tk-54-everyday,seen,everyday,tk,0.63093,1.00000,1.00000,0.50000
tk_hard,article,tkhard-tk-56.1-search,seen,search,tk,0.50000,1.00000,1.00000,0.33333
tk_hard,article,tkhard-tk-56.1-everyday,seen,everyday,tk,0.63093,1.00000,1.00000,0.50000
tk_hard,article,tkhard-tk-56-everyday,seen,everyday,tk,0.00000,0.00000,0.00000,0.00000
tk_hard,article,tkhard-tk-57-search,seen,search,tk,1.00000,1.00000,1.00000,1.00000
tk_hard,article,tkhard-tk-57-everyday,seen,everyday,tk,1.00000,1.00000,1.00000,1.00000
tk_hard,article,tkhard-tk-58-everyday,seen,everyday,tk,1.00000,1.00000,1.00000,1.00000
tk_hard,article,tkhard-tk-59-everyday,seen,everyday,tk,0.50000,1.00000,1.00000,0.33333
tk_hard,article,tkhard-tk-60-search,seen,search,tk,1.00000,1.00000,1.00000,1.00000
tk_hard,article,tkhard-tk-60-everyday,seen,everyday,tk,0.33333,0.00000,1.00000,0.14286
tk_hard,article,tkhard-tk-60.1-search,seen,search,tk,1.00000,1.00000,1.00000,1.00000
tk_hard,article,tkhard-tk-60.1-everyday,seen,everyday,tk,1.00000,1.00000,1.00000,1.00000
tk_hard,article,tkhard-tk-62-search,seen,search,tk,1.00000,1.00000,1.00000,1.00000
tk_hard,article,tkhard-tk-61-everyday,seen,everyday,tk,1.00000,1.00000,1.00000,1.00000
tk_hard,article,tkhard-tk-62-everyday,seen,everyday,tk,0.50000,1.00000,1.00000,0.33333
tk_hard,article,tkhard-tk-63-search,seen,search,tk,1.00000,1.00000,1.00000,1.00000
tk_hard,article,tkhard-tk-63-everyday,seen,everyday,tk,1.00000,1.00000,1.00000,1.00000
tk_hard,article,tkhard-tk-64-search,seen,search,tk,0.63093,1.00000,1.00000,0.50000
tk_hard,article,tkhard-tk-64-everyday,seen,everyday,tk,1.00000,1.00000,1.00000,1.00000
tk_hard,article,tkhard-tk-64.1-search,seen,search,tk,1.00000,1.00000,1.00000,1.00000
tk_hard,article,tkhard-tk-65-everyday,seen,everyday,tk,0.43068,1.00000,1.00000,0.25000
tk_hard,article,tkhard-tk-64.1-everyday,seen,everyday,tk,1.00000,1.00000,1.00000,1.00000
tk_hard,article,tkhard-tk-65-search,seen,search,tk,0.63093,1.00000,1.00000,0.50000
tk_hard,article,tkhard-tk-66-everyday,seen,everyday,tk,0.63093,1.00000,1.00000,0.50000
tk_hard,article,tkhard-tk-66.1-everyday,seen,everyday,tk,1.00000,1.00000,1.00000,1.00000
tk_hard,article,tkhard-tk-67-everyday,seen,everyday,tk,1.00000,1.00000,1.00000,1.00000
tk_hard,article,tkhard-tk-67.1-search,seen,search,tk,0.63093,1.00000,1.00000,0.50000
tk_hard,article,tkhard-tk-67.1-everyday,seen,everyday,tk,1.00000,1.00000,1.00000,1.00000
tk_hard,article,tkhard-tk-68-search,seen,search,tk,1.00000,1.00000,1.00000,1.00000
tk_hard,article,tkhard-tk-68-everyday,seen,everyday,tk,1.00000,1.00000,1.00000,1.00000
tk_hard,article,tkhard-tk-69-everyday,seen,everyday,tk,0.63093,1.00000,1.00000,0.50000
tk_hard,article,tkhard-tk-70-search,seen,search,tk,0.30103,0.00000,1.00000,0.11111
tk_hard,article,tkhard-tk-71-search,seen,search,tk,1.00000,1.00000,1.00000,1.00000
tk_hard,article,tkhard-tk-70-everyday,seen,everyday,tk,0.63093,1.00000,1.00000,0.50000
tk_hard,article,tkhard-tk-71-everyday,seen,everyday,tk,1.00000,1.00000,1.00000,1.00000
tk_hard,article,tkhard-tk-72-search,seen,search,tk,1.00000,1.00000,1.00000,1.00000
tk_hard,article,tkhard-tk-72-everyday,seen,everyday,tk,0.63093,1.00000,1.00000,0.50000
tk_hard,article,tkhard-tk-72.1-everyday,seen,everyday,tk,1.00000,1.00000,1.00000,1.00000
tk_hard,article,tkhard-tk-72.2-everyday,seen,everyday,tk,0.38685,1.00000,1.00000,0.20000
tk_hard,article,tkhard-tk-73-everyday,seen,everyday,tk,1.00000,1.00000,1.00000,1.00000
tk_hard,article,tkhard-tk-74-search,seen,search,tk,0.50000,1.00000,1.00000,0.33333
tk_hard,article,tkhard-tk-75-search,seen,search,tk,1.00000,1.00000,1.00000,1.00000
tk_hard,article,tkhard-tk-75-everyday,seen,everyday,tk,1.00000,1.00000,1.00000,1.00000
tk_hard,article,tkhard-tk-74-everyday,seen,everyday,tk,0.63093,1.00000,1.00000,0.50000
tk_hard,article,tkhard-tk-76-search,seen,search,tk,0.63093,1.00000,1.00000,0.50000
tk_hard,article,tkhard-tk-76-everyday,seen,everyday,tk,0.43068,1.00000,1.00000,0.25000
tk_hard,article,tkhard-tk-77-everyday,seen,everyday,tk,0.00000,0.00000,0.00000,0.00000
tk_hard,article,tkhard-tk-79-search,seen,search,tk,0.35621,0.00000,1.00000,0.16667
tk_hard,article,tkhard-tk-80-search,unseen_articles,search,tk,1.00000,1.00000,1.00000,1.00000
tk_hard,article,tkhard-tk-79-everyday,seen,everyday,tk,0.63093,1.00000,1.00000,0.50000
tk_hard,article,tkhard-tk-80-everyday,unseen_articles,everyday,tk,0.63093,1.00000,1.00000,0.50000
tk_hard,article,tkhard-tk-81-search,seen,search,tk,0.00000,0.00000,0.00000,0.00000
tk_hard,article,tkhard-tk-82-search,seen,search,tk,0.63093,1.00000,1.00000,0.50000
tk_hard,article,tkhard-tk-82-everyday,seen,everyday,tk,0.43068,1.00000,1.00000,0.25000
tk_hard,article,tkhard-tk-81-everyday,seen,everyday,tk,0.43068,1.00000,1.00000,0.25000
tk_hard,article,tkhard-tk-83-search,seen,search,tk,0.63093,1.00000,1.00000,0.50000
tk_hard,article,tkhard-tk-83-everyday,seen,everyday,tk,1.00000,1.00000,1.00000,1.00000
tk_hard,article,tkhard-tk-86-search,unseen_articles,search,tk,1.00000,1.00000,1.00000,1.00000
tk_hard,article,tkhard-tk-86-everyday,unseen_articles,everyday,tk,0.50000,1.00000,1.00000,0.33333
tk_hard,article,tkhard-tk-89-search,seen,search,tk,1.00000,1.00000,1.00000,1.00000
tk_hard,article,tkhard-tk-89-everyday,seen,everyday,tk,0.38685,1.00000,1.00000,0.20000
tk_hard,article,tkhard-tk-91-search,seen,search,tk,1.00000,1.00000,1.00000,1.00000
tk_hard,article,tkhard-tk-91-everyday,seen,everyday,tk,1.00000,1.00000,1.00000,1.00000
tk_hard,article,tkhard-tk-90-everyday,seen,everyday,tk,1.00000,1.00000,1.00000,1.00000
tk_hard,article,tkhard-tk-92-everyday,seen,everyday,tk,0.35621,0.00000,1.00000,0.16667
tk_hard,article,tkhard-tk-93-everyday,seen,everyday,tk,1.00000,1.00000,1.00000,1.00000
tk_hard,article,tkhard-tk-93-search,seen,search,tk,1.00000,1.00000,1.00000,1.00000
tk_hard,article,tkhard-tk-94-everyday,seen,everyday,tk,0.43068,1.00000,1.00000,0.25000
tk_hard,article,tkhard-tk-95-search,seen,search,tk,1.00000,1.00000,1.00000,1.00000
tk_hard,article,tkhard-tk-95-everyday,seen,everyday,tk,1.00000,1.00000,1.00000,1.00000
tk_hard,article,tkhard-tk-96-search,seen,search,tk,1.00000,1.00000,1.00000,1.00000
tk_hard,article,tkhard-tk-96-everyday,seen,everyday,tk,1.00000,1.00000,1.00000,1.00000
tk_hard,article,tkhard-tk-97-everyday,seen,everyday,tk,0.38685,1.00000,1.00000,0.20000
tk_hard,article,tkhard-tk-99-search,seen,search,tk,0.63093,1.00000,1.00000,0.50000
tk_hard,article,tkhard-tk-99-everyday,seen,everyday,tk,0.63093,1.00000,1.00000,0.50000
tk_hard,article,tkhard-tk-100-everyday,seen,everyday,tk,0.63093,1.00000,1.00000,0.50000
tk_hard,article,tkhard-tk-101-everyday,seen,everyday,tk,0.63093,1.00000,1.00000,0.50000
tk_hard,article,tkhard-tk-102-search,seen,search,tk,1.00000,1.00000,1.00000,1.00000
tk_hard,article,tkhard-tk-102-everyday,seen,everyday,tk,1.00000,1.00000,1.00000,1.00000
tk_hard,article,tkhard-tk-103-search,seen,search,tk,1.00000,1.00000,1.00000,1.00000
tk_hard,article,tkhard-tk-103-everyday,seen,everyday,tk,1.00000,1.00000,1.00000,1.00000
tk_hard,article,tkhard-tk-107-search,unseen_articles,search,tk,1.00000,1.00000,1.00000,1.00000
tk_hard,article,tkhard-tk-107-everyday,unseen_articles,everyday,tk,1.00000,1.00000,1.00000,1.00000
tk_hard,article,tkhard-tk-104-everyday,seen,everyday,tk,1.00000,1.00000,1.00000,1.00000
tk_hard,article,tkhard-tk-109-everyday,seen,everyday,tk,1.00000,1.00000,1.00000,1.00000
tk_hard,article,tkhard-tk-111-everyday,seen,everyday,tk,1.00000,1.00000,1.00000,1.00000
tk_hard,article,tkhard-tk-112-search,seen,search,tk,1.00000,1.00000,1.00000,1.00000
tk_hard,article,tkhard-tk-112-everyday,seen,everyday,tk,0.43068,1.00000,1.00000,0.25000
tk_hard,article,tkhard-tk-113-search,seen,search,tk,0.63093,1.00000,1.00000,0.50000
tk_hard,article,tkhard-tk-113-everyday,seen,everyday,tk,1.00000,1.00000,1.00000,1.00000
tk_hard,article,tkhard-tk-116-everyday,seen,everyday,tk,0.63093,1.00000,1.00000,0.50000
tk_hard,article,tkhard-tk-116-search,seen,search,tk,1.00000,1.00000,1.00000,1.00000
tk_hard,article,tkhard-tk-117-everyday,seen,everyday,tk,1.00000,1.00000,1.00000,1.00000
tk_hard,article,tkhard-tk-118-search,seen,search,tk,1.00000,1.00000,1.00000,1.00000
tk_hard,article,tkhard-tk-118-everyday,seen,everyday,tk,0.33333,0.00000,1.00000,0.14286
tk_hard,article,tkhard-tk-119-everyday,seen,everyday,tk,1.00000,1.00000,1.00000,1.00000
tk_hard,article,tkhard-tk-120-search,seen,search,tk,1.00000,1.00000,1.00000,1.00000
tk_hard,article,tkhard-tk-120-everyday,seen,everyday,tk,1.00000,1.00000,1.00000,1.00000
tk_hard,article,tkhard-tk-121-everyday,seen,everyday,tk,1.00000,1.00000,1.00000,1.00000
tk_hard,article,tkhard-tk-122-everyday,seen,everyday,tk,0.63093,1.00000,1.00000,0.50000
tk_hard,article,tkhard-tk-123-search,seen,search,tk,1.00000,1.00000,1.00000,1.00000
tk_hard,article,tkhard-tk-124-search,seen,search,tk,1.00000,1.00000,1.00000,1.00000
tk_hard,article,tkhard-tk-124-everyday,seen,everyday,tk,1.00000,1.00000,1.00000,1.00000
tk_hard,article,tkhard-tk-123-everyday,seen,everyday,tk,1.00000,1.00000,1.00000,1.00000
tk_hard,article,tkhard-tk-125-search,seen,search,tk,1.00000,1.00000,1.00000,1.00000
tk_hard,article,tkhard-tk-126-search,seen,search,tk,0.63093,1.00000,1.00000,0.50000
tk_hard,article,tkhard-tk-125-everyday,seen,everyday,tk,1.00000,1.00000,1.00000,1.00000
tk_hard,article,tkhard-tk-126-everyday,seen,everyday,tk,0.50000,1.00000,1.00000,0.33333
tk_hard,article,tkhard-tk-128-everyday,seen,everyday,tk,1.00000,1.00000,1.00000,1.00000
tk_hard,article,tkhard-tk-127-everyday,seen,everyday,tk,1.00000,1.00000,1.00000,1.00000
tk_hard,article,tkhard-tk-129-search,seen,search,tk,0.38685,1.00000,1.00000,0.20000
tk_hard,article,tkhard-tk-129-everyday,seen,everyday,tk,0.63093,1.00000,1.00000,0.50000
tk_hard,article,tkhard-tk-131-search,seen,search,tk,0.63093,1.00000,1.00000,0.50000
tk_hard,article,tkhard-tk-132-search,seen,search,tk,0.63093,1.00000,1.00000,0.50000
tk_hard,article,tkhard-tk-131-everyday,seen,everyday,tk,1.00000,1.00000,1.00000,1.00000
tk_hard,article,tkhard-tk-132-everyday,seen,everyday,tk,0.50000,1.00000,1.00000,0.33333
tk_hard,article,tkhard-tk-133-search,seen,search,tk,1.00000,1.00000,1.00000,1.00000
tk_hard,article,tkhard-tk-133.1-everyday,seen,everyday,tk,1.00000,1.00000,1.00000,1.00000
tk_hard,article,tkhard-tk-133-everyday,seen,everyday,tk,1.00000,1.00000,1.00000,1.00000
tk_hard,article,tkhard-tk-133.1-search,seen,search,tk,1.00000,1.00000,1.00000,1.00000
tk_hard,article,tkhard-tk-135-search,seen,search,tk,0.28906,0.00000,1.00000,0.10000
tk_hard,article,tkhard-tk-135-everyday,seen,everyday,tk,0.00000,0.00000,0.00000,0.00000
tk_hard,article,tkhard-tk-136-everyday,seen,everyday,tk,0.43068,1.00000,1.00000,0.25000
tk_hard,article,tkhard-tk-137-everyday,seen,everyday,tk,1.00000,1.00000,1.00000,1.00000
tk_hard,article,tkhard-tk-138-everyday,seen,everyday,tk,1.00000,1.00000,1.00000,1.00000
tk_hard,article,tkhard-tk-139-search,seen,search,tk,1.00000,1.00000,1.00000,1.00000
tk_hard,article,tkhard-tk-140-everyday,seen,everyday,tk,1.00000,1.00000,1.00000,1.00000
tk_hard,article,tkhard-tk-141-everyday,seen,everyday,tk,1.00000,1.00000,1.00000,1.00000
tk_hard,article,tkhard-tk-142-everyday,seen,everyday,tk,1.00000,1.00000,1.00000,1.00000
tk_hard,article,tkhard-tk-144-search,unseen_articles,search,tk,1.00000,1.00000,1.00000,1.00000
tk_hard,article,tkhard-tk-143-everyday,seen,everyday,tk,0.63093,1.00000,1.00000,0.50000
tk_hard,article,tkhard-tk-144-everyday,unseen_articles,everyday,tk,1.00000,1.00000,1.00000,1.00000
tk_hard,article,tkhard-tk-145-search,seen,search,tk,0.00000,0.00000,0.00000,0.00000
tk_hard,article,tkhard-tk-146-everyday,seen,everyday,tk,0.63093,1.00000,1.00000,0.50000
tk_hard,article,tkhard-tk-146-search,seen,search,tk,1.00000,1.00000,1.00000,1.00000
tk_hard,article,tkhard-tk-145-everyday,seen,everyday,tk,1.00000,1.00000,1.00000,1.00000
tk_hard,article,tkhard-tk-147-everyday,seen,everyday,tk,1.00000,1.00000,1.00000,1.00000
tk_hard,article,tkhard-tk-149-everyday,seen,everyday,tk,0.50000,1.00000,1.00000,0.33333
tk_hard,article,tkhard-tk-148-everyday,seen,everyday,tk,1.00000,1.00000,1.00000,1.00000
tk_hard,article,tkhard-tk-150-search,unseen_articles,search,tk,1.00000,1.00000,1.00000,1.00000
tk_hard,article,tkhard-tk-152-everyday,seen,everyday,tk,1.00000,1.00000,1.00000,1.00000
tk_hard,article,tkhard-tk-150-everyday,unseen_articles,everyday,tk,1.00000,1.00000,1.00000,1.00000
tk_hard,article,tkhard-tk-153-everyday,seen,everyday,tk,1.00000,1.00000,1.00000,1.00000
tk_hard,article,tkhard-tk-155-everyday,seen,everyday,tk,1.00000,1.00000,1.00000,1.00000
tk_hard,article,tkhard-tk-156-everyday,seen,everyday,tk,1.00000,1.00000,1.00000,1.00000
tk_hard,article,tkhard-tk-157-everyday,seen,everyday,tk,1.00000,1.00000,1.00000,1.00000
tk_hard,article,tkhard-tk-158-everyday,seen,everyday,tk,1.00000,1.00000,1.00000,1.00000
tk_hard,article,tkhard-tk-158.1-search,seen,search,tk,1.00000,1.00000,1.00000,1.00000
tk_hard,article,tkhard-tk-158.1-everyday,seen,everyday,tk,0.63093,1.00000,1.00000,0.50000
tk_hard,article,tkhard-tk-159-search,seen,search,tk,1.00000,1.00000,1.00000,1.00000
tk_hard,article,tkhard-tk-159-everyday,seen,everyday,tk,0.63093,1.00000,1.00000,0.50000
tk_hard,article,tkhard-tk-160-search,unseen_articles,search,tk,1.00000,1.00000,1.00000,1.00000
tk_hard,article,tkhard-tk-161-everyday,seen,everyday,tk,1.00000,1.00000,1.00000,1.00000
tk_hard,article,tkhard-tk-160-everyday,unseen_articles,everyday,tk,1.00000,1.00000,1.00000,1.00000
tk_hard,article,tkhard-tk-162-search,seen,search,tk,1.00000,1.00000,1.00000,1.00000
tk_hard,article,tkhard-tk-162-everyday,seen,everyday,tk,1.00000,1.00000,1.00000,1.00000
tk_hard,article,tkhard-tk-164-search,unseen_articles,search,tk,1.00000,1.00000,1.00000,1.00000
tk_hard,article,tkhard-tk-165-search,unseen_articles,search,tk,0.50000,1.00000,1.00000,0.33333
tk_hard,article,tkhard-tk-165-everyday,unseen_articles,everyday,tk,0.30103,0.00000,1.00000,0.11111
tk_hard,article,tkhard-tk-166-everyday,seen,everyday,tk,1.00000,1.00000,1.00000,1.00000
tk_hard,article,tkhard-tk-168-everyday,seen,everyday,tk,1.00000,1.00000,1.00000,1.00000
tk_hard,article,tkhard-tk-169-search,seen,search,tk,1.00000,1.00000,1.00000,1.00000
tk_hard,article,tkhard-tk-170-search,unseen_articles,search,tk,1.00000,1.00000,1.00000,1.00000
tk_hard,article,tkhard-tk-169-everyday,seen,everyday,tk,1.00000,1.00000,1.00000,1.00000
tk_hard,article,tkhard-tk-170-everyday,unseen_articles,everyday,tk,0.00000,0.00000,0.00000,0.00000
tk_hard,article,tkhard-tk-171-search,unseen_articles,search,tk,0.28906,0.00000,1.00000,0.10000
tk_hard,article,tkhard-tk-171-everyday,unseen_articles,everyday,tk,1.00000,1.00000,1.00000,1.00000
tk_hard,article,tkhard-tk-172-everyday,seen,everyday,tk,1.00000,1.00000,1.00000,1.00000
tk_hard,article,tkhard-tk-173.1-search,seen,search,tk,1.00000,1.00000,1.00000,1.00000
tk_hard,article,tkhard-tk-173-everyday,seen,everyday,tk,1.00000,1.00000,1.00000,1.00000
tk_hard,article,tkhard-tk-173.1-everyday,seen,everyday,tk,1.00000,1.00000,1.00000,1.00000
tk_hard,article,tkhard-tk-174-search,seen,search,tk,0.63093,1.00000,1.00000,0.50000
tk_hard,article,tkhard-tk-176-search,seen,search,tk,0.30103,0.00000,1.00000,0.11111
tk_hard,article,tkhard-tk-177-search,seen,search,tk,1.00000,1.00000,1.00000,1.00000
tk_hard,article,tkhard-tk-176-everyday,seen,everyday,tk,0.63093,1.00000,1.00000,0.50000
tk_hard,article,tkhard-tk-177-everyday,seen,everyday,tk,0.35621,0.00000,1.00000,0.16667
tk_hard,article,tkhard-tk-178-everyday,seen,everyday,tk,1.00000,1.00000,1.00000,1.00000
tk_hard,article,tkhard-tk-179-search,seen,search,tk,1.00000,1.00000,1.00000,1.00000
tk_hard,article,tkhard-tk-180-search,seen,search,tk,1.00000,1.00000,1.00000,1.00000
tk_hard,article,tkhard-tk-180-everyday,seen,everyday,tk,0.63093,1.00000,1.00000,0.50000
tk_hard,article,tkhard-tk-179-everyday,seen,everyday,tk,1.00000,1.00000,1.00000,1.00000
tk_hard,article,tkhard-tk-181.1-everyday,seen,everyday,tk,1.00000,1.00000,1.00000,1.00000
tk_hard,article,tkhard-tk-181.1-search,seen,search,tk,1.00000,1.00000,1.00000,1.00000
tk_hard,article,tkhard-tk-181-everyday,seen,everyday,tk,1.00000,1.00000,1.00000,1.00000
tk_hard,article,tkhard-tk-183-search,seen,search,tk,0.31546,0.00000,1.00000,0.12500
tk_hard,article,tkhard-tk-184-search,seen,search,tk,1.00000,1.00000,1.00000,1.00000
tk_hard,article,tkhard-tk-184-everyday,seen,everyday,tk,1.00000,1.00000,1.00000,1.00000
tk_hard,article,tkhard-tk-185-search,seen,search,tk,1.00000,1.00000,1.00000,1.00000
tk_hard,article,tkhard-tk-185-everyday,seen,everyday,tk,1.00000,1.00000,1.00000,1.00000
tk_hard,article,tkhard-tk-186-everyday,seen,everyday,tk,1.00000,1.00000,1.00000,1.00000
tk_hard,article,tkhard-tk-186.1-search,unseen_articles,search,tk,1.00000,1.00000,1.00000,1.00000
tk_hard,article,tkhard-tk-187-search,seen,search,tk,0.00000,0.00000,0.00000,0.00000
tk_hard,article,tkhard-tk-186.1-everyday,unseen_articles,everyday,tk,1.00000,1.00000,1.00000,1.00000
tk_hard,article,tkhard-tk-187-everyday,seen,everyday,tk,1.00000,1.00000,1.00000,1.00000
tk_hard,article,tkhard-tk-189-search,seen,search,tk,1.00000,1.00000,1.00000,1.00000
tk_hard,article,tkhard-tk-190-everyday,seen,everyday,tk,1.00000,1.00000,1.00000,1.00000
tk_hard,article,tkhard-tk-189-everyday,seen,everyday,tk,0.50000,1.00000,1.00000,0.33333
tk_hard,article,tkhard-tk-191-search,unseen_articles,search,tk,1.00000,1.00000,1.00000,1.00000
tk_hard,article,tkhard-tk-191-everyday,unseen_articles,everyday,tk,1.00000,1.00000,1.00000,1.00000
tk_hard,article,tkhard-tk-192-search,seen,search,tk,1.00000,1.00000,1.00000,1.00000
tk_hard,article,tkhard-tk-192-everyday,seen,everyday,tk,0.38685,1.00000,1.00000,0.20000
tk_hard,article,tkhard-tk-193-everyday,seen,everyday,tk,1.00000,1.00000,1.00000,1.00000
tk_hard,article,tkhard-tk-194-everyday,seen,everyday,tk,1.00000,1.00000,1.00000,1.00000
tk_hard,article,tkhard-tk-195-search,seen,search,tk,1.00000,1.00000,1.00000,1.00000
tk_hard,article,tkhard-tk-195-everyday,seen,everyday,tk,1.00000,1.00000,1.00000,1.00000
tk_hard,article,tkhard-tk-195.1-everyday,seen,everyday,tk,1.00000,1.00000,1.00000,1.00000
tk_hard,article,tkhard-tk-195.2-everyday,seen,everyday,tk,1.00000,1.00000,1.00000,1.00000
tk_hard,article,tkhard-tk-195.3-search,seen,search,tk,1.00000,1.00000,1.00000,1.00000
tk_hard,article,tkhard-tk-196-search,seen,search,tk,0.50000,1.00000,1.00000,0.33333
tk_hard,article,tkhard-tk-196-everyday,seen,everyday,tk,0.63093,1.00000,1.00000,0.50000
tk_hard,article,tkhard-tk-197-search,unseen_articles,search,tk,1.00000,1.00000,1.00000,1.00000
tk_hard,article,tkhard-tk-197-everyday,unseen_articles,everyday,tk,0.63093,1.00000,1.00000,0.50000
tk_hard,article,tkhard-tk-198-search,seen,search,tk,1.00000,1.00000,1.00000,1.00000
tk_hard,article,tkhard-tk-198-everyday,seen,everyday,tk,1.00000,1.00000,1.00000,1.00000
tk_hard,article,tkhard-tk-199-everyday,seen,everyday,tk,1.00000,1.00000,1.00000,1.00000
tk_hard,article,tkhard-tk-200-everyday,seen,everyday,tk,1.00000,1.00000,1.00000,1.00000
tk_hard,article,tkhard-tk-201-everyday,seen,everyday,tk,1.00000,1.00000,1.00000,1.00000
tk_hard,article,tkhard-tk-203-everyday,seen,everyday,tk,0.63093,1.00000,1.00000,0.50000
tk_hard,article,tkhard-tk-204-search,seen,search,tk,1.00000,1.00000,1.00000,1.00000
tk_hard,article,tkhard-tk-207-search,seen,search,tk,1.00000,1.00000,1.00000,1.00000
tk_hard,article,tkhard-tk-204-everyday,seen,everyday,tk,1.00000,1.00000,1.00000,1.00000
tk_hard,article,tkhard-tk-207-everyday,seen,everyday,tk,0.30103,0.00000,1.00000,0.11111
tk_hard,article,tkhard-tk-209-search,seen,search,tk,1.00000,1.00000,1.00000,1.00000
tk_hard,article,tkhard-tk-209-everyday,seen,everyday,tk,0.00000,0.00000,0.00000,0.00000
tk_hard,article,tkhard-tk-209.1-search,seen,search,tk,1.00000,1.00000,1.00000,1.00000
tk_hard,article,tkhard-tk-209.1-everyday,seen,everyday,tk,0.00000,0.00000,0.00000,0.00000
tk_hard,article,tkhard-tk-210-search,unseen_articles,search,tk,1.00000,1.00000,1.00000,1.00000
tk_hard,article,tkhard-tk-210-everyday,unseen_articles,everyday,tk,0.00000,0.00000,0.00000,0.00000
tk_hard,article,tkhard-tk-211-everyday,seen,everyday,tk,0.00000,0.00000,0.00000,0.00000
tk_hard,article,tkhard-tk-211.1-search,unseen_articles,search,tk,1.00000,1.00000,1.00000,1.00000
tk_hard,article,tkhard-tk-211.1-everyday,unseen_articles,everyday,tk,0.00000,0.00000,0.00000,0.00000
tk_hard,article,tkhard-tk-211.2-search,seen,search,tk,0.63093,1.00000,1.00000,0.50000
tk_hard,article,tkhard-tk-211.2-everyday,seen,everyday,tk,0.31546,0.00000,1.00000,0.12500
tk_hard,article,tkhard-tk-211.3-everyday,seen,everyday,tk,0.50000,1.00000,1.00000,0.33333
tk_hard,article,tkhard-tk-212-search,seen,search,tk,1.00000,1.00000,1.00000,1.00000
tk_hard,article,tkhard-tk-212-everyday,seen,everyday,tk,1.00000,1.00000,1.00000,1.00000
tk_hard,article,tkhard-tk-213-everyday,seen,everyday,tk,0.00000,0.00000,0.00000,0.00000
tk_hard,article,tkhard-tk-213.1-search,seen,search,tk,1.00000,1.00000,1.00000,1.00000
tk_hard,article,tkhard-tk-213.1-everyday,seen,everyday,tk,1.00000,1.00000,1.00000,1.00000
tk_hard,article,tkhard-tk-214-everyday,seen,everyday,tk,0.31546,0.00000,1.00000,0.12500
tk_hard,article,tkhard-tk-214.1-everyday,seen,everyday,tk,1.00000,1.00000,1.00000,1.00000
tk_hard,article,tkhard-tk-214.2-everyday,seen,everyday,tk,1.00000,1.00000,1.00000,1.00000
tk_hard,article,tkhard-tk-215-everyday,seen,everyday,tk,0.35621,0.00000,1.00000,0.16667
tk_hard,article,tkhard-tk-216.1-search,seen,search,tk,0.50000,1.00000,1.00000,0.33333
tk_hard,article,tkhard-tk-216-everyday,seen,everyday,tk,0.63093,1.00000,1.00000,0.50000
tk_hard,article,tkhard-tk-216.1-everyday,seen,everyday,tk,0.00000,0.00000,0.00000,0.00000
tk_hard,article,tkhard-tk-216.2-everyday,seen,everyday,tk,1.00000,1.00000,1.00000,1.00000
tk_hard,article,tkhard-tk-216.3-search,seen,search,tk,1.00000,1.00000,1.00000,1.00000
tk_hard,article,tkhard-tk-216.3-everyday,seen,everyday,tk,0.63093,1.00000,1.00000,0.50000
tk_hard,article,tkhard-tk-217-everyday,seen,everyday,tk,0.00000,0.00000,0.00000,0.00000
tk_hard,article,tkhard-tk-218-everyday,seen,everyday,tk,1.00000,1.00000,1.00000,1.00000
tk_hard,article,tkhard-tk-219-search,seen,search,tk,1.00000,1.00000,1.00000,1.00000
tk_hard,article,tkhard-tk-219-everyday,seen,everyday,tk,1.00000,1.00000,1.00000,1.00000
tk_hard,article,tkhard-tk-220-everyday,seen,everyday,tk,0.50000,1.00000,1.00000,0.33333
tk_hard,article,tkhard-tk-222-search,seen,search,tk,1.00000,1.00000,1.00000,1.00000
tk_hard,article,tkhard-tk-221-everyday,unseen_articles,everyday,tk,1.00000,1.00000,1.00000,1.00000
tk_hard,article,tkhard-tk-223-search,unseen_articles,search,tk,1.00000,1.00000,1.00000,1.00000
tk_hard,article,tkhard-tk-223-everyday,unseen_articles,everyday,tk,1.00000,1.00000,1.00000,1.00000
tk_hard,article,tkhard-tk-224-everyday,seen,everyday,tk,1.00000,1.00000,1.00000,1.00000
tk_hard,article,tkhard-tk-225-search,seen,search,tk,1.00000,1.00000,1.00000,1.00000
tk_hard,article,tkhard-tk-225-everyday,seen,everyday,tk,1.00000,1.00000,1.00000,1.00000
tk_hard,article,tkhard-tk-226-search,seen,search,tk,1.00000,1.00000,1.00000,1.00000
tk_hard,article,tkhard-tk-226-everyday,seen,everyday,tk,0.35621,0.00000,1.00000,0.16667
tk_hard,article,tkhard-tk-228-everyday,seen,everyday,tk,0.63093,1.00000,1.00000,0.50000
tk_hard,article,tkhard-tk-229-everyday,seen,everyday,tk,1.00000,1.00000,1.00000,1.00000
tk_hard,article,tkhard-tk-229.2-search,seen,search,tk,1.00000,1.00000,1.00000,1.00000
tk_hard,article,tkhard-tk-229.1-everyday,seen,everyday,tk,1.00000,1.00000,1.00000,1.00000
tk_hard,article,tkhard-tk-229.2-everyday,seen,everyday,tk,0.38685,1.00000,1.00000,0.20000
tk_hard,article,tkhard-tk-229.3-search,seen,search,tk,0.63093,1.00000,1.00000,0.50000
tk_hard,article,tkhard-tk-229.3-everyday,seen,everyday,tk,0.33333,0.00000,1.00000,0.14286
tk_hard,article,tkhard-tk-230-search,seen,search,tk,1.00000,1.00000,1.00000,1.00000
tk_hard,article,tkhard-tk-230-everyday,seen,everyday,tk,1.00000,1.00000,1.00000,1.00000
tk_hard,article,tkhard-tk-230.1-everyday,seen,everyday,tk,0.63093,1.00000,1.00000,0.50000
tk_hard,article,tkhard-tk-231-search,seen,search,tk,1.00000,1.00000,1.00000,1.00000
tk_hard,article,tkhard-tk-232-search,seen,search,tk,1.00000,1.00000,1.00000,1.00000
tk_hard,article,tkhard-tk-232-everyday,seen,everyday,tk,0.33333,0.00000,1.00000,0.14286
tk_hard,article,tkhard-tk-233-search,seen,search,tk,0.00000,0.00000,0.00000,0.00000
tk_hard,article,tkhard-tk-234-search,seen,search,tk,0.43068,1.00000,1.00000,0.25000
tk_hard,article,tkhard-tk-235-search,seen,search,tk,1.00000,1.00000,1.00000,1.00000
tk_hard,article,tkhard-tk-236-search,seen,search,tk,0.63093,1.00000,1.00000,0.50000
tk_hard,article,tkhard-tk-236-everyday,seen,everyday,tk,1.00000,1.00000,1.00000,1.00000
tk_hard,article,tkhard-tk-235-everyday,seen,everyday,tk,0.50000,1.00000,1.00000,0.33333
tk_hard,article,tkhard-tk-237-everyday,seen,everyday,tk,0.35621,0.00000,1.00000,0.16667
tk_hard,article,tkhard-tk-239-search,seen,search,tk,1.00000,1.00000,1.00000,1.00000
tk_hard,article,tkhard-tk-238-everyday,seen,everyday,tk,0.31546,0.00000,1.00000,0.12500
tk_hard,article,tkhard-tk-239-everyday,seen,everyday,tk,0.00000,0.00000,0.00000,0.00000
tk_hard,article,tkhard-tk-240-everyday,seen,everyday,tk,1.00000,1.00000,1.00000,1.00000
tk_hard,article,tkhard-tk-242-everyday,seen,everyday,tk,0.00000,0.00000,0.00000,0.00000
tk_hard,article,tkhard-tk-243-everyday,seen,everyday,tk,0.00000,0.00000,0.00000,0.00000
tk_hard,article,tkhard-tk-244-search,seen,search,tk,1.00000,1.00000,1.00000,1.00000
tk_hard,article,tkhard-tk-245-search,unseen_articles,search,tk,1.00000,1.00000,1.00000,1.00000
tk_hard,article,tkhard-tk-244-everyday,seen,everyday,tk,0.43068,1.00000,1.00000,0.25000
tk_hard,article,tkhard-tk-246-search,seen,search,tk,1.00000,1.00000,1.00000,1.00000
tk_hard,article,tkhard-tk-245-everyday,unseen_articles,everyday,tk,1.00000,1.00000,1.00000,1.00000
tk_hard,article,tkhard-tk-246-everyday,seen,everyday,tk,1.00000,1.00000,1.00000,1.00000
tk_hard,article,tkhard-tk-247-everyday,seen,everyday,tk,1.00000,1.00000,1.00000,1.00000
tk_hard,article,tkhard-tk-248-everyday,seen,everyday,tk,0.00000,0.00000,0.00000,0.00000
tk_hard,article,tkhard-tk-249-everyday,seen,everyday,tk,1.00000,1.00000,1.00000,1.00000
tk_hard,article,tkhard-tk-250-search,seen,search,tk,1.00000,1.00000,1.00000,1.00000
tk_hard,article,tkhard-tk-250-everyday,seen,everyday,tk,1.00000,1.00000,1.00000,1.00000
tk_hard,article,tkhard-tk-253-search,seen,search,tk,1.00000,1.00000,1.00000,1.00000
tk_hard,article,tkhard-tk-251-everyday,seen,everyday,tk,0.00000,0.00000,0.00000,0.00000
tk_hard,article,tkhard-tk-253-everyday,seen,everyday,tk,1.00000,1.00000,1.00000,1.00000
tk_hard,article,tkhard-tk-254-search,seen,search,tk,1.00000,1.00000,1.00000,1.00000
tk_hard,article,tkhard-tk-254-everyday,seen,everyday,tk,1.00000,1.00000,1.00000,1.00000
tk_hard,article,tkhard-tk-255-everyday,seen,everyday,tk,1.00000,1.00000,1.00000,1.00000
tk_hard,article,tkhard-tk-256-everyday,seen,everyday,tk,1.00000,1.00000,1.00000,1.00000
tk_hard,article,tkhard-tk-257-search,seen,search,tk,1.00000,1.00000,1.00000,1.00000
tk_hard,article,tkhard-tk-258-everyday,seen,everyday,tk,1.00000,1.00000,1.00000,1.00000
tk_hard,article,tkhard-tk-259-everyday,seen,everyday,tk,0.63093,1.00000,1.00000,0.50000
tk_hard,article,tkhard-tk-259-search,seen,search,tk,1.00000,1.00000,1.00000,1.00000
tk_hard,article,tkhard-tk-260-search,seen,search,tk,0.63093,1.00000,1.00000,0.50000
tk_hard,article,tkhard-tk-260-everyday,seen,everyday,tk,0.63093,1.00000,1.00000,0.50000
tk_hard,article,tkhard-tk-261-search,seen,search,tk,1.00000,1.00000,1.00000,1.00000
tk_hard,article,tkhard-tk-262-search,unseen_articles,search,tk,1.00000,1.00000,1.00000,1.00000
tk_hard,article,tkhard-tk-261-everyday,seen,everyday,tk,1.00000,1.00000,1.00000,1.00000
tk_hard,article,tkhard-tk-262-everyday,unseen_articles,everyday,tk,1.00000,1.00000,1.00000,1.00000
tk_hard,article,tkhard-tk-262.1-search,seen,search,tk,1.00000,1.00000,1.00000,1.00000
tk_hard,article,tkhard-tk-262.1-everyday,seen,everyday,tk,1.00000,1.00000,1.00000,1.00000
tk_hard,article,tkhard-tk-263-search,seen,search,tk,1.00000,1.00000,1.00000,1.00000
tk_hard,article,tkhard-tk-263-everyday,seen,everyday,tk,0.63093,1.00000,1.00000,0.50000
tk_hard,article,tkhard-tk-264-search,seen,search,tk,1.00000,1.00000,1.00000,1.00000
tk_hard,article,tkhard-tk-264-everyday,seen,everyday,tk,0.50000,1.00000,1.00000,0.33333
tk_hard,article,tkhard-tk-265-search,seen,search,tk,0.63093,1.00000,1.00000,0.50000
tk_hard,article,tkhard-tk-266-search,seen,search,tk,1.00000,1.00000,1.00000,1.00000
tk_hard,article,tkhard-tk-265-everyday,seen,everyday,tk,1.00000,1.00000,1.00000,1.00000
tk_hard,article,tkhard-tk-267-search,unseen_articles,search,tk,1.00000,1.00000,1.00000,1.00000
tk_hard,article,tkhard-tk-267-everyday,unseen_articles,everyday,tk,1.00000,1.00000,1.00000,1.00000
tk_hard,article,tkhard-tk-268-search,seen,search,tk,1.00000,1.00000,1.00000,1.00000
tk_hard,article,tkhard-tk-268-everyday,seen,everyday,tk,1.00000,1.00000,1.00000,1.00000
tk_hard,article,tkhard-tk-269-search,seen,search,tk,1.00000,1.00000,1.00000,1.00000
tk_hard,article,tkhard-tk-269-everyday,seen,everyday,tk,1.00000,1.00000,1.00000,1.00000
tk_hard,article,tkhard-tk-270-search,unseen_articles,search,tk,1.00000,1.00000,1.00000,1.00000
tk_hard,article,tkhard-tk-271-search,seen,search,tk,1.00000,1.00000,1.00000,1.00000
tk_hard,article,tkhard-tk-271-everyday,seen,everyday,tk,1.00000,1.00000,1.00000,1.00000
tk_hard,article,tkhard-tk-270-everyday,unseen_articles,everyday,tk,0.63093,1.00000,1.00000,0.50000
tk_hard,article,tkhard-tk-273-search,seen,search,tk,1.00000,1.00000,1.00000,1.00000
tk_hard,article,tkhard-tk-273-everyday,seen,everyday,tk,0.33333,0.00000,1.00000,0.14286
tk_hard,article,tkhard-tk-274-search,seen,search,tk,1.00000,1.00000,1.00000,1.00000
tk_hard,article,tkhard-tk-274-everyday,seen,everyday,tk,1.00000,1.00000,1.00000,1.00000
tk_hard,article,tkhard-tk-275-everyday,seen,everyday,tk,1.00000,1.00000,1.00000,1.00000
tk_hard,article,tkhard-tk-276-everyday,seen,everyday,tk,0.63093,1.00000,1.00000,0.50000
tk_hard,article,tkhard-tk-277-everyday,seen,everyday,tk,0.00000,0.00000,0.00000,0.00000
tk_hard,article,tkhard-tk-278-search,seen,search,tk,1.00000,1.00000,1.00000,1.00000
tk_hard,article,tkhard-tk-278-everyday,seen,everyday,tk,0.63093,1.00000,1.00000,0.50000
tk_hard,article,tkhard-tk-279-everyday,seen,everyday,tk,0.00000,0.00000,0.00000,0.00000
tk_hard,article,tkhard-tk-280-search,seen,search,tk,1.00000,1.00000,1.00000,1.00000
tk_hard,article,tkhard-tk-280-everyday,seen,everyday,tk,1.00000,1.00000,1.00000,1.00000
tk_hard,article,tkhard-tk-281-everyday,seen,everyday,tk,1.00000,1.00000,1.00000,1.00000
tk_hard,article,tkhard-tk-281.1-search,seen,search,tk,1.00000,1.00000,1.00000,1.00000
tk_hard,article,tkhard-tk-282-search,seen,search,tk,1.00000,1.00000,1.00000,1.00000
tk_hard,article,tkhard-tk-282-everyday,seen,everyday,tk,0.43068,1.00000,1.00000,0.25000
tk_hard,article,tkhard-tk-283-everyday,seen,everyday,tk,1.00000,1.00000,1.00000,1.00000
tk_hard,article,tkhard-tk-284-everyday,seen,everyday,tk,1.00000,1.00000,1.00000,1.00000
tk_hard,article,tkhard-tk-286-search,unseen_articles,search,tk,1.00000,1.00000,1.00000,1.00000
tk_hard,article,tkhard-tk-286-everyday,unseen_articles,everyday,tk,1.00000,1.00000,1.00000,1.00000
tk_hard,article,tkhard-tk-285-everyday,seen,everyday,tk,0.38685,1.00000,1.00000,0.20000
tk_hard,article,tkhard-tk-288-search,seen,search,tk,1.00000,1.00000,1.00000,1.00000
tk_hard,article,tkhard-tk-287-everyday,seen,everyday,tk,0.63093,1.00000,1.00000,0.50000
tk_hard,article,tkhard-tk-288-everyday,seen,everyday,tk,0.63093,1.00000,1.00000,0.50000
tk_hard,article,tkhard-tk-290-search,seen,search,tk,1.00000,1.00000,1.00000,1.00000
tk_hard,article,tkhard-tk-290-everyday,seen,everyday,tk,1.00000,1.00000,1.00000,1.00000
tk_hard,article,tkhard-tk-291-everyday,seen,everyday,tk,1.00000,1.00000,1.00000,1.00000
tk_hard,article,tkhard-tk-292-search,seen,search,tk,1.00000,1.00000,1.00000,1.00000
tk_hard,article,tkhard-tk-292-everyday,seen,everyday,tk,0.50000,1.00000,1.00000,0.33333
tk_hard,article,tkhard-tk-293-search,seen,search,tk,1.00000,1.00000,1.00000,1.00000
tk_hard,article,tkhard-tk-293-everyday,seen,everyday,tk,1.00000,1.00000,1.00000,1.00000
tk_hard,article,tkhard-tk-296-search,seen,search,tk,1.00000,1.00000,1.00000,1.00000
tk_hard,article,tkhard-tk-296-everyday,seen,everyday,tk,1.00000,1.00000,1.00000,1.00000
tk_hard,article,tkhard-tk-297-search,unseen_articles,search,tk,1.00000,1.00000,1.00000,1.00000
tk_hard,article,tkhard-tk-297-everyday,unseen_articles,everyday,tk,1.00000,1.00000,1.00000,1.00000
tk_hard,article,tkhard-tk-298-everyday,seen,everyday,tk,1.00000,1.00000,1.00000,1.00000
tk_hard,article,tkhard-tk-299-search,seen,search,tk,1.00000,1.00000,1.00000,1.00000
tk_hard,article,tkhard-tk-301-search,seen,search,tk,1.00000,1.00000,1.00000,1.00000
tk_hard,article,tkhard-tk-300-everyday,seen,everyday,tk,1.00000,1.00000,1.00000,1.00000
tk_hard,article,tkhard-tk-302-search,seen,search,tk,1.00000,1.00000,1.00000,1.00000
tk_hard,article,tkhard-tk-301-everyday,seen,everyday,tk,1.00000,1.00000,1.00000,1.00000
tk_hard,article,tkhard-tk-302-everyday,seen,everyday,tk,0.43068,1.00000,1.00000,0.25000
tk_hard,article,tkhard-tk-303-search,seen,search,tk,1.00000,1.00000,1.00000,1.00000
tk_hard,article,tkhard-tk-303-everyday,seen,everyday,tk,1.00000,1.00000,1.00000,1.00000
tk_hard,article,tkhard-tk-304-everyday,seen,everyday,tk,1.00000,1.00000,1.00000,1.00000
tk_hard,article,tkhard-tk-305-search,seen,search,tk,0.30103,0.00000,1.00000,0.11111
tk_hard,article,tkhard-tk-306-search,seen,search,tk,1.00000,1.00000,1.00000,1.00000
tk_hard,article,tkhard-tk-305-everyday,seen,everyday,tk,1.00000,1.00000,1.00000,1.00000
tk_hard,article,tkhard-tk-306-everyday,seen,everyday,tk,0.63093,1.00000,1.00000,0.50000
tk_hard,article,tkhard-tk-307-search,seen,search,tk,1.00000,1.00000,1.00000,1.00000
tk_hard,article,tkhard-tk-308-search,seen,search,tk,1.00000,1.00000,1.00000,1.00000
tk_hard,article,tkhard-tk-307-everyday,seen,everyday,tk,0.50000,1.00000,1.00000,0.33333
tk_hard,article,tkhard-tk-309-search,seen,search,tk,1.00000,1.00000,1.00000,1.00000
tk_hard,article,tkhard-tk-309-everyday,seen,everyday,tk,1.00000,1.00000,1.00000,1.00000
tk_hard,article,tkhard-tk-309.1-search,unseen_articles,search,tk,1.00000,1.00000,1.00000,1.00000
tk_hard,article,tkhard-tk-309.1-everyday,unseen_articles,everyday,tk,1.00000,1.00000,1.00000,1.00000
tk_hard,article,tkhard-tk-309.2-search,seen,search,tk,1.00000,1.00000,1.00000,1.00000
tk_hard,article,tkhard-tk-310-search,unseen_articles,search,tk,1.00000,1.00000,1.00000,1.00000
tk_hard,article,tkhard-tk-309.2-everyday,seen,everyday,tk,1.00000,1.00000,1.00000,1.00000
tk_hard,article,tkhard-tk-310-everyday,unseen_articles,everyday,tk,0.63093,1.00000,1.00000,0.50000
tk_hard,article,tkhard-tk-312.1-search,seen,search,tk,1.00000,1.00000,1.00000,1.00000
tk_hard,article,tkhard-tk-312.2-search,seen,search,tk,1.00000,1.00000,1.00000,1.00000
tk_hard,article,tkhard-tk-312.2-everyday,seen,everyday,tk,1.00000,1.00000,1.00000,1.00000
tk_hard,article,tkhard-tk-312.1-everyday,seen,everyday,tk,1.00000,1.00000,1.00000,1.00000
tk_hard,article,tkhard-tk-312.4-everyday,seen,everyday,tk,0.63093,1.00000,1.00000,0.50000
tk_hard,article,tkhard-tk-312.3-everyday,seen,everyday,tk,0.31546,0.00000,1.00000,0.12500
tk_hard,article,tkhard-tk-312.6-search,seen,search,tk,0.63093,1.00000,1.00000,0.50000
tk_hard,article,tkhard-tk-312.6-everyday,seen,everyday,tk,1.00000,1.00000,1.00000,1.00000
tk_hard,article,tkhard-tk-312.8-search,seen,search,tk,1.00000,1.00000,1.00000,1.00000
tk_hard,article,tkhard-tk-312.8-everyday,seen,everyday,tk,1.00000,1.00000,1.00000,1.00000
tk_hard,article,tkhard-tk-312.9-everyday,seen,everyday,tk,1.00000,1.00000,1.00000,1.00000
tk_hard,article,tkhard-tk-313-search,seen,search,tk,1.00000,1.00000,1.00000,1.00000
tk_hard,article,tkhard-tk-313-everyday,seen,everyday,tk,1.00000,1.00000,1.00000,1.00000
tk_hard,article,tkhard-tk-314-search,seen,search,tk,1.00000,1.00000,1.00000,1.00000
tk_hard,article,tkhard-tk-314-everyday,seen,everyday,tk,1.00000,1.00000,1.00000,1.00000
tk_hard,article,tkhard-tk-316-search,seen,search,tk,0.50000,1.00000,1.00000,0.33333
tk_hard,article,tkhard-tk-317-search,seen,search,tk,1.00000,1.00000,1.00000,1.00000
tk_hard,article,tkhard-tk-316-everyday,seen,everyday,tk,0.38685,1.00000,1.00000,0.20000
tk_hard,article,tkhard-tk-318-search,seen,search,tk,0.63093,1.00000,1.00000,0.50000
tk_hard,article,tkhard-tk-318-everyday,seen,everyday,tk,0.63093,1.00000,1.00000,0.50000
tk_hard,article,tkhard-tk-319-search,seen,search,tk,1.00000,1.00000,1.00000,1.00000
tk_hard,article,tkhard-tk-319-everyday,seen,everyday,tk,1.00000,1.00000,1.00000,1.00000
tk_hard,article,tkhard-tk-320-everyday,seen,everyday,tk,1.00000,1.00000,1.00000,1.00000
tk_hard,article,tkhard-tk-320-search,seen,search,tk,1.00000,1.00000,1.00000,1.00000
tk_hard,article,tkhard-tk-322-search,seen,search,tk,0.43068,1.00000,1.00000,0.25000
tk_hard,article,tkhard-tk-323-search,seen,search,tk,0.63093,1.00000,1.00000,0.50000
tk_hard,article,tkhard-tk-323-everyday,seen,everyday,tk,0.35621,0.00000,1.00000,0.16667
tk_hard,article,tkhard-tk-322-everyday,seen,everyday,tk,0.63093,1.00000,1.00000,0.50000
tk_hard,article,tkhard-tk-324-search,seen,search,tk,1.00000,1.00000,1.00000,1.00000
tk_hard,article,tkhard-tk-324-everyday,seen,everyday,tk,1.00000,1.00000,1.00000,1.00000
tk_hard,article,tkhard-tk-326-everyday,seen,everyday,tk,1.00000,1.00000,1.00000,1.00000
tk_hard,article,tkhard-tk-327-everyday,seen,everyday,tk,0.63093,1.00000,1.00000,0.50000
tk_hard,article,tkhard-tk-327.1-search,seen,search,tk,0.00000,0.00000,0.00000,0.00000
tk_hard,article,tkhard-tk-327.1-everyday,seen,everyday,tk,0.28906,0.00000,1.00000,0.10000
tk_hard,article,tkhard-tk-327.2-search,seen,search,tk,0.00000,0.00000,0.00000,0.00000
tk_hard,article,tkhard-tk-327.2-everyday,seen,everyday,tk,0.00000,0.00000,0.00000,0.00000
tk_hard,article,tkhard-tk-327.3-search,seen,search,tk,1.00000,1.00000,1.00000,1.00000
tk_hard,article,tkhard-tk-327.3-everyday,seen,everyday,tk,1.00000,1.00000,1.00000,1.00000
tk_hard,article,tkhard-tk-327.5-search,seen,search,tk,1.00000,1.00000,1.00000,1.00000
tk_hard,article,tkhard-tk-327.4-everyday,seen,everyday,tk,0.38685,1.00000,1.00000,0.20000
tk_hard,article,tkhard-tk-327.5-everyday,seen,everyday,tk,0.63093,1.00000,1.00000,0.50000
tk_hard,article,tkhard-tk-327.6-everyday,unseen_articles,everyday,tk,0.43068,1.00000,1.00000,0.25000
tk_hard,article,tkhard-tk-328-search,seen,search,tk,1.00000,1.00000,1.00000,1.00000
tk_hard,article,tkhard-tk-329-search,unseen_articles,search,tk,0.00000,0.00000,0.00000,0.00000
tk_hard,article,tkhard-tk-328-everyday,seen,everyday,tk,1.00000,1.00000,1.00000,1.00000
tk_hard,article,tkhard-tk-329-everyday,unseen_articles,everyday,tk,0.00000,0.00000,0.00000,0.00000
tk_hard,article,tkhard-tk-330-search,seen,search,tk,1.00000,1.00000,1.00000,1.00000
tk_hard,article,tkhard-tk-329.1-everyday,seen,everyday,tk,1.00000,1.00000,1.00000,1.00000
tk_hard,article,tkhard-tk-330-everyday,seen,everyday,tk,1.00000,1.00000,1.00000,1.00000
tk_hard,article,tkhard-tk-330.1-search,seen,search,tk,1.00000,1.00000,1.00000,1.00000
tk_hard,article,tkhard-tk-330.1-everyday,seen,everyday,tk,1.00000,1.00000,1.00000,1.00000
tk_hard,article,tkhard-tk-330.3-everyday,seen,everyday,tk,1.00000,1.00000,1.00000,1.00000
tk_hard,article,tkhard-tk-330.4-everyday,seen,everyday,tk,1.00000,1.00000,1.00000,1.00000
tk_hard,article,tkhard-tk-331-search,seen,search,tk,1.00000,1.00000,1.00000,1.00000
tk_hard,article,tkhard-tk-331-everyday,seen,everyday,tk,1.00000,1.00000,1.00000,1.00000
tk_hard,article,tkhard-tk-331.1-everyday,seen,everyday,tk,1.00000,1.00000,1.00000,1.00000
tk_hard,article,tkhard-tk-332-search,seen,search,tk,1.00000,1.00000,1.00000,1.00000
tk_hard,article,tkhard-tk-332-everyday,seen,everyday,tk,0.50000,1.00000,1.00000,0.33333
tk_hard,article,tkhard-tk-332.1-search,seen,search,tk,1.00000,1.00000,1.00000,1.00000
tk_hard,article,tkhard-tk-332.1-everyday,seen,everyday,tk,0.63093,1.00000,1.00000,0.50000
tk_hard,article,tkhard-tk-333-everyday,seen,everyday,tk,0.43068,1.00000,1.00000,0.25000
tk_hard,article,tkhard-tk-334-search,unseen_articles,search,tk,0.63093,1.00000,1.00000,0.50000
tk_hard,article,tkhard-tk-336.1-search,seen,search,tk,1.00000,1.00000,1.00000,1.00000
tk_hard,article,tkhard-tk-336.1-everyday,seen,everyday,tk,1.00000,1.00000,1.00000,1.00000
tk_hard,article,tkhard-tk-336.2-search,seen,search,tk,1.00000,1.00000,1.00000,1.00000
tk_hard,article,tkhard-tk-336.3-everyday,seen,everyday,tk,1.00000,1.00000,1.00000,1.00000
tk_hard,article,tkhard-tk-336.2-everyday,seen,everyday,tk,1.00000,1.00000,1.00000,1.00000
tk_hard,article,tkhard-tk-337-search,seen,search,tk,1.00000,1.00000,1.00000,1.00000
tk_hard,article,tkhard-tk-337-everyday,seen,everyday,tk,1.00000,1.00000,1.00000,1.00000
tk_hard,article,tkhard-tk-338-everyday,seen,everyday,tk,1.00000,1.00000,1.00000,1.00000
tk_hard,article,tkhard-tk-338-search,seen,search,tk,1.00000,1.00000,1.00000,1.00000
tk_hard,article,tkhard-tk-339-search,seen,search,tk,1.00000,1.00000,1.00000,1.00000
tk_hard,article,tkhard-tk-339-everyday,seen,everyday,tk,1.00000,1.00000,1.00000,1.00000
tk_hard,article,tkhard-tk-341.1-everyday,seen,everyday,tk,0.38685,1.00000,1.00000,0.20000
tk_hard,article,tkhard-tk-341.1-search,seen,search,tk,0.63093,1.00000,1.00000,0.50000
tk_hard,article,tkhard-tk-341.1-1-search,seen,search,tk,1.00000,1.00000,1.00000,1.00000
tk_hard,article,tkhard-tk-341.1-2-search,seen,search,tk,1.00000,1.00000,1.00000,1.00000
tk_hard,article,tkhard-tk-341.1-1-everyday,seen,everyday,tk,1.00000,1.00000,1.00000,1.00000
tk_hard,article,tkhard-tk-341.1-2-everyday,seen,everyday,tk,0.31546,0.00000,1.00000,0.12500
tk_hard,article,tkhard-tk-341.1-3-search,seen,search,tk,1.00000,1.00000,1.00000,1.00000
tk_hard,article,tkhard-tk-341.1-3-everyday,seen,everyday,tk,0.00000,0.00000,0.00000,0.00000
tk_hard,article,tkhard-tk-341.1-4-everyday,seen,everyday,tk,0.28906,0.00000,1.00000,0.10000
tk_hard,article,tkhard-tk-341.2-search,seen,search,tk,1.00000,1.00000,1.00000,1.00000
tk_hard,article,tkhard-tk-341.2-everyday,seen,everyday,tk,1.00000,1.00000,1.00000,1.00000
tk_hard,article,tkhard-tk-341.3-search,seen,search,tk,0.35621,0.00000,1.00000,0.16667
tk_hard,article,tkhard-tk-341.3-everyday,seen,everyday,tk,0.33333,0.00000,1.00000,0.14286
tk_hard,article,tkhard-tk-341.5-search,seen,search,tk,0.63093,1.00000,1.00000,0.50000
tk_hard,article,tkhard-tk-342-everyday,seen,everyday,tk,1.00000,1.00000,1.00000,1.00000
tk_hard,article,tkhard-tk-341.5-everyday,seen,everyday,tk,1.00000,1.00000,1.00000,1.00000
tk_hard,article,tkhard-tk-345-everyday,seen,everyday,tk,1.00000,1.00000,1.00000,1.00000
tk_hard,article,tkhard-tk-344-everyday,seen,everyday,tk,1.00000,1.00000,1.00000,1.00000
tk_hard,article,tkhard-tk-345.1-search,seen,search,tk,1.00000,1.00000,1.00000,1.00000
tk_hard,article,tkhard-tk-345.1-everyday,seen,everyday,tk,1.00000,1.00000,1.00000,1.00000
tk_hard,article,tkhard-tk-346-everyday,seen,everyday,tk,1.00000,1.00000,1.00000,1.00000
tk_hard,article,tkhard-tk-347-search,seen,search,tk,1.00000,1.00000,1.00000,1.00000
tk_hard,article,tkhard-tk-348.1-search,seen,search,tk,1.00000,1.00000,1.00000,1.00000
tk_hard,article,tkhard-tk-347-everyday,seen,everyday,tk,1.00000,1.00000,1.00000,1.00000
tk_hard,article,tkhard-tk-348.1-everyday,seen,everyday,tk,1.00000,1.00000,1.00000,1.00000
tk_hard,article,tkhard-tk-348.2-everyday,unseen_articles,everyday,tk,0.43068,1.00000,1.00000,0.25000
tk_hard,article,tkhard-tk-348.3-everyday,seen,everyday,tk,1.00000,1.00000,1.00000,1.00000
tk_hard,article,tkhard-tk-348.4-search,seen,search,tk,1.00000,1.00000,1.00000,1.00000
tk_hard,article,tkhard-tk-348.5-search,seen,search,tk,1.00000,1.00000,1.00000,1.00000
tk_hard,article,tkhard-tk-348.5-everyday,seen,everyday,tk,1.00000,1.00000,1.00000,1.00000
tk_hard,article,tkhard-tk-348.4-everyday,seen,everyday,tk,1.00000,1.00000,1.00000,1.00000
tk_hard,article,tkhard-tk-348.6-search,seen,search,tk,1.00000,1.00000,1.00000,1.00000
tk_hard,article,tkhard-tk-348.6-everyday,seen,everyday,tk,1.00000,1.00000,1.00000,1.00000
tk_hard,article,tkhard-tk-348.7-search,seen,search,tk,1.00000,1.00000,1.00000,1.00000
tk_hard,article,tkhard-tk-348.7-everyday,seen,everyday,tk,1.00000,1.00000,1.00000,1.00000
tk_hard,article,tkhard-tk-348.9-everyday,seen,everyday,tk,1.00000,1.00000,1.00000,1.00000
tk_hard,article,tkhard-tk-348.9-search,seen,search,tk,1.00000,1.00000,1.00000,1.00000
tk_hard,article,tkhard-tk-348.8-everyday,seen,everyday,tk,0.63093,1.00000,1.00000,0.50000
tk_hard,article,tkhard-tk-348.10-search,seen,search,tk,1.00000,1.00000,1.00000,1.00000
tk_hard,article,tkhard-tk-348.11-everyday,seen,everyday,tk,0.63093,1.00000,1.00000,0.50000
tk_hard,article,tkhard-tk-348.10-everyday,seen,everyday,tk,0.63093,1.00000,1.00000,0.50000
tk_hard,article,tkhard-tk-348.12-search,seen,search,tk,1.00000,1.00000,1.00000,1.00000
tk_hard,article,tkhard-tk-348.12-everyday,seen,everyday,tk,1.00000,1.00000,1.00000,1.00000
tk_hard,article,tkhard-tk-349-search,seen,search,tk,1.00000,1.00000,1.00000,1.00000
tk_hard,article,tkhard-tk-349-everyday,seen,everyday,tk,1.00000,1.00000,1.00000,1.00000
tk_hard,article,tkhard-tk-349.1-search,seen,search,tk,1.00000,1.00000,1.00000,1.00000
tk_hard,article,tkhard-tk-349.1-everyday,seen,everyday,tk,0.35621,0.00000,1.00000,0.16667
tk_hard,article,tkhard-tk-349.2-search,seen,search,tk,1.00000,1.00000,1.00000,1.00000
tk_hard,article,tkhard-tk-349.4-search,seen,search,tk,1.00000,1.00000,1.00000,1.00000
tk_hard,article,tkhard-tk-349.2-everyday,seen,everyday,tk,0.31546,0.00000,1.00000,0.12500
tk_hard,article,tkhard-tk-349.4-everyday,seen,everyday,tk,1.00000,1.00000,1.00000,1.00000
tk_hard,article,tkhard-tk-349.5-search,seen,search,tk,1.00000,1.00000,1.00000,1.00000
tk_hard,article,tkhard-tk-349.5-everyday,seen,everyday,tk,0.63093,1.00000,1.00000,0.50000
tk_hard,article,tkhard-tk-349.6-search,seen,search,tk,0.33333,0.00000,1.00000,0.14286
tk_hard,article,tkhard-tk-349.6-everyday,seen,everyday,tk,1.00000,1.00000,1.00000,1.00000
tk_hard,article,tkhard-tk-350-everyday,seen,everyday,tk,1.00000,1.00000,1.00000,1.00000
tk_hard,article,tkhard-tk-351-everyday,seen,everyday,tk,1.00000,1.00000,1.00000,1.00000
tk_hard,article,tkhard-tk-351.1-search,seen,search,tk,1.00000,1.00000,1.00000,1.00000
tk_hard,article,tkhard-tk-351.1-everyday,seen,everyday,tk,1.00000,1.00000,1.00000,1.00000
tk_hard,article,tkhard-tk-351.3-search,seen,search,tk,1.00000,1.00000,1.00000,1.00000
tk_hard,article,tkhard-tk-351.3-everyday,seen,everyday,tk,1.00000,1.00000,1.00000,1.00000
tk_hard,article,tkhard-tk-351.4-search,unseen_articles,search,tk,1.00000,1.00000,1.00000,1.00000
tk_hard,article,tkhard-tk-351.4-everyday,unseen_articles,everyday,tk,1.00000,1.00000,1.00000,1.00000
tk_hard,article,tkhard-tk-351.5-search,seen,search,tk,0.00000,0.00000,0.00000,0.00000
tk_hard,article,tkhard-tk-351.5-everyday,seen,everyday,tk,1.00000,1.00000,1.00000,1.00000
tk_hard,article,tkhard-tk-351.6-search,seen,search,tk,1.00000,1.00000,1.00000,1.00000
tk_hard,article,tkhard-tk-351.6-everyday,seen,everyday,tk,1.00000,1.00000,1.00000,1.00000
tk_hard,article,tkhard-tk-351.7-search,seen,search,tk,0.50000,1.00000,1.00000,0.33333
tk_hard,article,tkhard-tk-351.7-everyday,seen,everyday,tk,0.63093,1.00000,1.00000,0.50000
tk_hard,article,tkhard-tk-351.8-everyday,seen,everyday,tk,1.00000,1.00000,1.00000,1.00000
tk_hard,article,tkhard-tk-352-everyday,seen,everyday,tk,1.00000,1.00000,1.00000,1.00000
tk_hard,article,tkhard-tk-353-everyday,seen,everyday,tk,0.00000,0.00000,0.00000,0.00000
tk_hard,article,tkhard-tk-353.1-search,seen,search,tk,1.00000,1.00000,1.00000,1.00000
tk_hard,article,tkhard-tk-353.1-everyday,seen,everyday,tk,0.50000,1.00000,1.00000,0.33333
tk_hard,article,tkhard-tk-355-everyday,seen,everyday,tk,0.00000,0.00000,0.00000,0.00000
tk_hard,article,tkhard-tk-358-everyday,seen,everyday,tk,1.00000,1.00000,1.00000,1.00000
tk_hard,article,tkhard-tk-357-everyday,seen,everyday,tk,0.00000,0.00000,0.00000,0.00000
tk_hard,article,tkhard-tk-359-search,seen,search,tk,1.00000,1.00000,1.00000,1.00000
tk_hard,article,tkhard-tk-360.1-everyday,seen,everyday,tk,1.00000,1.00000,1.00000,1.00000
tk_hard,article,tkhard-tk-361-everyday,seen,everyday,tk,1.00000,1.00000,1.00000,1.00000
tk_hard,article,tkhard-tk-362-everyday,seen,everyday,tk,1.00000,1.00000,1.00000,1.00000
tk_hard,article,tkhard-tk-363-everyday,seen,everyday,tk,1.00000,1.00000,1.00000,1.00000
tk_hard,article,tkhard-tk-365-everyday,seen,everyday,tk,1.00000,1.00000,1.00000,1.00000
tk_hard,article,tkhard-tk-366-everyday,seen,everyday,tk,1.00000,1.00000,1.00000,1.00000
tk_hard,article,tkhard-tk-366-search,seen,search,tk,1.00000,1.00000,1.00000,1.00000
tk_hard,article,tkhard-tk-367-search,seen,search,tk,1.00000,1.00000,1.00000,1.00000
tk_hard,article,tkhard-tk-369-everyday,seen,everyday,tk,1.00000,1.00000,1.00000,1.00000
tk_hard,article,tkhard-tk-369-search,seen,search,tk,1.00000,1.00000,1.00000,1.00000
tk_hard,article,tkhard-tk-370-search,seen,search,tk,1.00000,1.00000,1.00000,1.00000
tk_hard,article,tkhard-tk-370-everyday,seen,everyday,tk,1.00000,1.00000,1.00000,1.00000
tk_hard,article,tkhard-tk-372-search,seen,search,tk,1.00000,1.00000,1.00000,1.00000
tk_hard,article,tkhard-tk-372-everyday,seen,everyday,tk,0.00000,0.00000,0.00000,0.00000
tk_hard,article,tkhard-tk-373-search,seen,search,tk,1.00000,1.00000,1.00000,1.00000
tk_hard,article,tkhard-tk-373-everyday,seen,everyday,tk,1.00000,1.00000,1.00000,1.00000
tk_hard,article,tkhard-tk-375-search,seen,search,tk,0.43068,1.00000,1.00000,0.25000
tk_hard,article,tkhard-tk-374-everyday,seen,everyday,tk,1.00000,1.00000,1.00000,1.00000
tk_hard,article,tkhard-tk-375-everyday,seen,everyday,tk,0.43068,1.00000,1.00000,0.25000
tk_hard,article,tkhard-tk-376-search,seen,search,tk,1.00000,1.00000,1.00000,1.00000
tk_hard,article,tkhard-tk-377-search,seen,search,tk,1.00000,1.00000,1.00000,1.00000
tk_hard,article,tkhard-tk-376-everyday,seen,everyday,tk,1.00000,1.00000,1.00000,1.00000
tk_hard,article,tkhard-tk-377-everyday,seen,everyday,tk,1.00000,1.00000,1.00000,1.00000
tk_hard,article,tkhard-tk-378-search,seen,search,tk,1.00000,1.00000,1.00000,1.00000
tk_hard,article,tkhard-tk-378-everyday,seen,everyday,tk,0.00000,0.00000,0.00000,0.00000
tk_hard,article,tkhard-tk-379-search,unseen_articles,search,tk,1.00000,1.00000,1.00000,1.00000
tk_hard,article,tkhard-tk-383-everyday,seen,everyday,tk,0.30103,0.00000,1.00000,0.11111
tk_hard,article,tkhard-tk-379-everyday,unseen_articles,everyday,tk,0.00000,0.00000,0.00000,0.00000
tk_hard,article,tkhard-tk-384-everyday,seen,everyday,tk,1.00000,1.00000,1.00000,1.00000
tk_hard,article,tkhard-tk-385-everyday,seen,everyday,tk,0.43068,1.00000,1.00000,0.25000
tk_hard,article,tkhard-tk-386-everyday,seen,everyday,tk,0.43068,1.00000,1.00000,0.25000
tk_hard,article,tkhard-tk-387-everyday,seen,everyday,tk,1.00000,1.00000,1.00000,1.00000
tk_hard,article,tkhard-tk-388-everyday,seen,everyday,tk,1.00000,1.00000,1.00000,1.00000
tk_hard,article,tkhard-tk-389-search,seen,search,tk,1.00000,1.00000,1.00000,1.00000
tk_hard,article,tkhard-tk-390-everyday,seen,everyday,tk,0.63093,1.00000,1.00000,0.50000
tk_hard,article,tkhard-tk-389-everyday,seen,everyday,tk,1.00000,1.00000,1.00000,1.00000
tk_hard,article,tkhard-tk-391-search,seen,search,tk,1.00000,1.00000,1.00000,1.00000
tk_hard,article,tkhard-tk-391-everyday,seen,everyday,tk,0.31546,0.00000,1.00000,0.12500
tk_hard,article,tkhard-tk-393-search,unseen_articles,search,tk,1.00000,1.00000,1.00000,1.00000
tk_hard,article,tkhard-tk-394-search,seen,search,tk,0.31546,0.00000,1.00000,0.12500
tk_hard,article,tkhard-tk-393-everyday,unseen_articles,everyday,tk,1.00000,1.00000,1.00000,1.00000
tk_hard,article,tkhard-tk-394-everyday,seen,everyday,tk,1.00000,1.00000,1.00000,1.00000
tk_hard,article,tkhard-tk-396-everyday,seen,everyday,tk,0.63093,1.00000,1.00000,0.50000
tk_hard,article,tkhard-tk-395-everyday,seen,everyday,tk,0.38685,1.00000,1.00000,0.20000
tk_hard,article,tkhard-tk-397-search,seen,search,tk,1.00000,1.00000,1.00000,1.00000
tk_hard,article,tkhard-tk-398-search,seen,search,tk,1.00000,1.00000,1.00000,1.00000
tk_hard,article,tkhard-tk-397-everyday,seen,everyday,tk,1.00000,1.00000,1.00000,1.00000
tk_hard,article,tkhard-tk-398-everyday,seen,everyday,tk,0.30103,0.00000,1.00000,0.11111
tk_hard,article,tkhard-tk-399-search,seen,search,tk,1.00000,1.00000,1.00000,1.00000
tk_hard,article,tkhard-tk-399-everyday,seen,everyday,tk,1.00000,1.00000,1.00000,1.00000
tk_hard,article,tkhard-tk-400-search,seen,search,tk,1.00000,1.00000,1.00000,1.00000
tk_hard,article,tkhard-tk-400-everyday,seen,everyday,tk,1.00000,1.00000,1.00000,1.00000
tk_hard,article,tkhard-tk-402-everyday,seen,everyday,tk,0.63093,1.00000,1.00000,0.50000
tk_hard,article,tkhard-tk-401-everyday,seen,everyday,tk,0.00000,0.00000,0.00000,0.00000
tk_hard,article,tkhard-tk-403-search,seen,search,tk,1.00000,1.00000,1.00000,1.00000
tk_hard,article,tkhard-tk-404-everyday,seen,everyday,tk,0.63093,1.00000,1.00000,0.50000
tk_hard,article,tkhard-tk-403-everyday,seen,everyday,tk,0.31546,0.00000,1.00000,0.12500
tk_hard,article,tkhard-tk-405-search,seen,search,tk,0.63093,1.00000,1.00000,0.50000
tk_hard,article,tkhard-tk-405-everyday,seen,everyday,tk,1.00000,1.00000,1.00000,1.00000
tk_hard,article,tkhard-tk-406-everyday,seen,everyday,tk,1.00000,1.00000,1.00000,1.00000
tk_hard,article,tkhard-tk-407-search,seen,search,tk,1.00000,1.00000,1.00000,1.00000
tk_hard,article,tkhard-tk-407-everyday,seen,everyday,tk,1.00000,1.00000,1.00000,1.00000
tk_hard,article,tkhard-tk-408-search,seen,search,tk,0.63093,1.00000,1.00000,0.50000
tk_hard,article,tkhard-tk-408-everyday,seen,everyday,tk,0.00000,0.00000,0.00000,0.00000
tk_hard,article,tkhard-tk-409-everyday,seen,everyday,tk,1.00000,1.00000,1.00000,1.00000
tk_hard,article,tkhard-tk-410-everyday,seen,everyday,tk,1.00000,1.00000,1.00000,1.00000
tk_hard,article,tkhard-tk-412-search,seen,search,tk,1.00000,1.00000,1.00000,1.00000
tk_hard,article,tkhard-tk-412-everyday,seen,everyday,tk,1.00000,1.00000,1.00000,1.00000
tk_hard,article,tkhard-tk-414-search,seen,search,tk,1.00000,1.00000,1.00000,1.00000
tk_hard,article,tkhard-tk-414-everyday,seen,everyday,tk,1.00000,1.00000,1.00000,1.00000
tk_hard,article,tkhard-tk-413-everyday,seen,everyday,tk,1.00000,1.00000,1.00000,1.00000
tk_hard,article,tkhard-tk-415-everyday,seen,everyday,tk,0.35621,0.00000,1.00000,0.16667
tk_hard,article,tkhard-tk-416-everyday,seen,everyday,tk,0.31546,0.00000,1.00000,0.12500
tk_hard,article,tkhard-tk-417-search,seen,search,tk,1.00000,1.00000,1.00000,1.00000
tk_hard,article,tkhard-tk-418-search,seen,search,tk,1.00000,1.00000,1.00000,1.00000
tk_hard,article,tkhard-tk-417-everyday,seen,everyday,tk,0.63093,1.00000,1.00000,0.50000
tk_hard,article,tkhard-tk-418-everyday,seen,everyday,tk,0.33333,0.00000,1.00000,0.14286
tk_hard,article,tkhard-tk-421-search,seen,search,tk,1.00000,1.00000,1.00000,1.00000
tk_hard,article,tkhard-tk-419-everyday,seen,everyday,tk,0.28906,0.00000,1.00000,0.10000
tk_hard,article,tkhard-tk-421-everyday,seen,everyday,tk,1.00000,1.00000,1.00000,1.00000
tk_hard,article,tkhard-tk-422-search,seen,search,tk,1.00000,1.00000,1.00000,1.00000
tk_hard,article,tkhard-tk-423-search,seen,search,tk,0.33333,0.00000,1.00000,0.14286
tk_hard,article,tkhard-tk-422-everyday,seen,everyday,tk,1.00000,1.00000,1.00000,1.00000
tk_hard,article,tkhard-tk-423-everyday,seen,everyday,tk,1.00000,1.00000,1.00000,1.00000
tk_hard,article,tkhard-tk-424-search,seen,search,tk,1.00000,1.00000,1.00000,1.00000
tk_hard,article,tkhard-tk-424-everyday,seen,everyday,tk,1.00000,1.00000,1.00000,1.00000
dev,chunk,dev-gk-1004,seen,legal,gk,1.00000,1.00000,1.00000,1.00000
dev,chunk,dev-gk-1058,seen,search,gk,1.00000,1.00000,1.00000,1.00000
dev,chunk,dev-gk-1069,seen,search,gk,1.00000,1.00000,1.00000,1.00000
dev,chunk,dev-gk-1026,seen,everyday,gk,0.00000,0.00000,0.00000,0.00000
dev,chunk,dev-gk-1093,seen,legal,gk,1.00000,1.00000,1.00000,1.00000
dev,chunk,dev-gk-1123,seen,search,gk,1.00000,1.00000,1.00000,1.00000
dev,chunk,dev-gk-1118,seen,legal,gk,1.00000,1.00000,1.00000,1.00000
dev,chunk,dev-gk-1137,seen,search,gk,0.63093,1.00000,1.00000,0.50000
dev,chunk,dev-gk-1138,seen,legal,gk,1.00000,1.00000,1.00000,1.00000
dev,chunk,dev-gk-1150,seen,legal,gk,1.00000,1.00000,1.00000,1.00000
dev,chunk,dev-gk-1164,seen,everyday,gk,0.35621,0.00000,1.00000,0.16667
dev,chunk,dev-gk-1165,seen,legal,gk,1.00000,1.00000,1.00000,1.00000
dev,chunk,dev-gk-1172,seen,legal,gk,1.00000,1.00000,1.00000,1.00000
dev,chunk,dev-gk-1176,seen,search,gk,1.00000,1.00000,1.00000,1.00000
dev,chunk,dev-gk-12,seen,search,gk,1.00000,1.00000,1.00000,1.00000
dev,chunk,dev-gk-1191,seen,legal,gk,1.00000,1.00000,1.00000,1.00000
dev,chunk,dev-gk-1188,seen,everyday,gk,1.00000,1.00000,1.00000,1.00000
dev,chunk,dev-gk-1216.1,seen,legal,gk,1.00000,1.00000,1.00000,1.00000
dev,chunk,dev-gk-123.16-2,seen,legal,gk,1.00000,1.00000,1.00000,1.00000
dev,chunk,dev-gk-1228,seen,everyday,gk,1.00000,1.00000,1.00000,1.00000
dev,chunk,dev-gk-123.9,seen,legal,gk,1.00000,1.00000,1.00000,1.00000
dev,chunk,dev-gk-1232,seen,legal,gk,1.00000,1.00000,1.00000,1.00000
dev,chunk,dev-gk-125,seen,search,gk,1.00000,1.00000,1.00000,1.00000
dev,chunk,dev-gk-1240,seen,everyday,gk,0.00000,0.00000,0.00000,0.00000
dev,chunk,dev-gk-1289,seen,search,gk,1.00000,1.00000,1.00000,1.00000
dev,chunk,dev-gk-1307,seen,legal,gk,1.00000,1.00000,1.00000,1.00000
dev,chunk,dev-gk-1303,seen,everyday,gk,0.00000,0.00000,0.00000,0.00000
dev,chunk,dev-gk-1316,seen,legal,gk,1.00000,1.00000,1.00000,1.00000
dev,chunk,dev-gk-1355,seen,search,gk,1.00000,1.00000,1.00000,1.00000
dev,chunk,dev-gk-1336,seen,everyday,gk,1.00000,1.00000,1.00000,1.00000
dev,chunk,dev-gk-1317,seen,everyday,gk,1.00000,1.00000,1.00000,1.00000
dev,chunk,dev-gk-1383,seen,everyday,gk,1.00000,1.00000,1.00000,1.00000
dev,chunk,dev-gk-141.1,seen,legal,gk,1.00000,1.00000,1.00000,1.00000
dev,chunk,dev-gk-1429,seen,legal,gk,1.00000,1.00000,1.00000,1.00000
dev,chunk,dev-gk-1434,seen,legal,gk,1.00000,1.00000,1.00000,1.00000
dev,chunk,dev-gk-1469,seen,everyday,gk,1.00000,1.00000,1.00000,1.00000
dev,chunk,dev-gk-147.1,seen,legal,gk,1.00000,1.00000,1.00000,1.00000
dev,chunk,dev-gk-1482,seen,search,gk,1.00000,1.00000,1.00000,1.00000
dev,chunk,dev-gk-1489,seen,legal,gk,1.00000,1.00000,1.00000,1.00000
dev,chunk,dev-gk-1516,seen,legal,gk,1.00000,1.00000,1.00000,1.00000
dev,chunk,dev-gk-15,seen,everyday,gk,0.00000,0.00000,0.00000,0.00000
dev,chunk,dev-gk-152,seen,everyday,gk,1.00000,1.00000,1.00000,1.00000
dev,chunk,dev-gk-1522,seen,everyday,gk,1.00000,1.00000,1.00000,1.00000
dev,chunk,dev-gk-160,seen,everyday,gk,1.00000,1.00000,1.00000,1.00000
dev,chunk,dev-gk-174.1,seen,everyday,gk,0.00000,0.00000,0.00000,0.00000
dev,chunk,dev-gk-163,seen,everyday,gk,1.00000,1.00000,1.00000,1.00000
dev,chunk,dev-gk-197,seen,legal,gk,1.00000,1.00000,1.00000,1.00000
dev,chunk,dev-gk-21,seen,search,gk,1.00000,1.00000,1.00000,1.00000
dev,chunk,dev-gk-20,seen,everyday,gk,0.00000,0.00000,0.00000,0.00000
dev,chunk,dev-gk-214,seen,everyday,gk,1.00000,1.00000,1.00000,1.00000
dev,chunk,dev-gk-250,seen,search,gk,1.00000,1.00000,1.00000,1.00000
dev,chunk,dev-gk-253,seen,search,gk,1.00000,1.00000,1.00000,1.00000
dev,chunk,dev-gk-22,seen,everyday,gk,1.00000,1.00000,1.00000,1.00000
dev,chunk,dev-gk-232,seen,everyday,gk,1.00000,1.00000,1.00000,1.00000
dev,chunk,dev-gk-287.4,seen,search,gk,1.00000,1.00000,1.00000,1.00000
dev,chunk,dev-gk-258,seen,legal,gk,1.00000,1.00000,1.00000,1.00000
dev,chunk,dev-gk-319.1,seen,search,gk,0.38685,1.00000,1.00000,0.20000
dev,chunk,dev-gk-388.1,seen,search,gk,1.00000,1.00000,1.00000,1.00000
dev,chunk,dev-gk-428,seen,search,gk,1.00000,1.00000,1.00000,1.00000
dev,chunk,dev-gk-438,seen,search,gk,1.00000,1.00000,1.00000,1.00000
dev,chunk,dev-gk-452,seen,search,gk,1.00000,1.00000,1.00000,1.00000
dev,chunk,dev-gk-429.4,seen,legal,gk,1.00000,1.00000,1.00000,1.00000
dev,chunk,dev-gk-479,seen,search,gk,1.00000,1.00000,1.00000,1.00000
dev,chunk,dev-gk-470,seen,everyday,gk,0.00000,0.00000,0.00000,0.00000
dev,chunk,dev-gk-487,seen,everyday,gk,0.63093,1.00000,1.00000,0.50000
dev,chunk,dev-gk-499,seen,everyday,gk,0.63093,1.00000,1.00000,0.50000
dev,chunk,dev-gk-50.1,seen,legal,gk,1.00000,1.00000,1.00000,1.00000
dev,chunk,dev-gk-506,seen,search,gk,1.00000,1.00000,1.00000,1.00000
dev,chunk,dev-gk-502,seen,everyday,gk,1.00000,1.00000,1.00000,1.00000
dev,chunk,dev-gk-523,seen,legal,gk,1.00000,1.00000,1.00000,1.00000
dev,chunk,dev-gk-561,seen,search,gk,1.00000,1.00000,1.00000,1.00000
dev,chunk,dev-gk-563,seen,legal,gk,1.00000,1.00000,1.00000,1.00000
dev,chunk,dev-gk-564,seen,search,gk,0.50000,1.00000,1.00000,0.33333
dev,chunk,dev-gk-53.1,seen,everyday,gk,0.33333,0.00000,1.00000,0.14286
dev,chunk,dev-gk-586,seen,search,gk,1.00000,1.00000,1.00000,1.00000
dev,chunk,dev-gk-584,seen,search,gk,1.00000,1.00000,1.00000,1.00000
dev,chunk,dev-gk-616,seen,search,gk,1.00000,1.00000,1.00000,1.00000
dev,chunk,dev-gk-634,seen,search,gk,0.50000,1.00000,1.00000,0.33333
dev,chunk,dev-gk-62,seen,legal,gk,0.50000,1.00000,1.00000,0.33333
dev,chunk,dev-gk-682,seen,legal,gk,0.63093,1.00000,1.00000,0.50000
dev,chunk,dev-gk-730,seen,search,gk,1.00000,1.00000,1.00000,1.00000
dev,chunk,dev-gk-72,seen,legal,gk,1.00000,1.00000,1.00000,1.00000
dev,chunk,dev-gk-750,seen,legal,gk,1.00000,1.00000,1.00000,1.00000
dev,chunk,dev-gk-788,seen,search,gk,0.50000,1.00000,1.00000,0.33333
dev,chunk,dev-gk-761,seen,legal,gk,1.00000,1.00000,1.00000,1.00000
dev,chunk,dev-gk-789,seen,legal,gk,1.00000,1.00000,1.00000,1.00000
dev,chunk,dev-gk-774,seen,everyday,gk,1.00000,1.00000,1.00000,1.00000
dev,chunk,dev-gk-799,seen,everyday,gk,1.00000,1.00000,1.00000,1.00000
dev,chunk,dev-gk-800,seen,search,gk,1.00000,1.00000,1.00000,1.00000
dev,chunk,dev-gk-831,seen,legal,gk,0.63093,1.00000,1.00000,0.50000
dev,chunk,dev-gk-844,seen,legal,gk,1.00000,1.00000,1.00000,1.00000
dev,chunk,dev-gk-833,seen,everyday,gk,1.00000,1.00000,1.00000,1.00000
dev,chunk,dev-gk-845,seen,legal,gk,0.63093,1.00000,1.00000,0.50000
dev,chunk,dev-gk-848,seen,legal,gk,1.00000,1.00000,1.00000,1.00000
dev,chunk,dev-gk-853,seen,legal,gk,1.00000,1.00000,1.00000,1.00000
dev,chunk,dev-gk-860.2,seen,legal,gk,1.00000,1.00000,1.00000,1.00000
dev,chunk,dev-gk-861,seen,search,gk,1.00000,1.00000,1.00000,1.00000
dev,chunk,dev-gk-87,seen,search,gk,0.43068,1.00000,1.00000,0.25000
dev,chunk,dev-gk-896,seen,legal,gk,1.00000,1.00000,1.00000,1.00000
dev,chunk,dev-gk-891,seen,everyday,gk,0.30103,0.00000,1.00000,0.11111
dev,chunk,dev-gk-904,seen,everyday,gk,1.00000,1.00000,1.00000,1.00000
dev,chunk,dev-gk-905,seen,search,gk,1.00000,1.00000,1.00000,1.00000
dev,chunk,dev-gk-916,seen,legal,gk,1.00000,1.00000,1.00000,1.00000
dev,chunk,dev-gk-951,seen,everyday,gk,1.00000,1.00000,1.00000,1.00000
dev,chunk,dev-gk-979,seen,everyday,gk,1.00000,1.00000,1.00000,1.00000
dev,chunk,dev-koap-1.3,seen,everyday,koap,0.00000,0.00000,0.00000,0.00000
dev,chunk,dev-gk-980,seen,everyday,gk,0.63093,1.00000,1.00000,0.50000
dev,chunk,dev-koap-11.27,seen,search,koap,1.00000,1.00000,1.00000,1.00000
dev,chunk,dev-koap-11.30,seen,search,koap,1.00000,1.00000,1.00000,1.00000
dev,chunk,dev-koap-11.10,seen,everyday,koap,1.00000,1.00000,1.00000,1.00000
dev,chunk,dev-koap-11.8,seen,legal,koap,1.00000,1.00000,1.00000,1.00000
dev,chunk,dev-koap-12.10,seen,everyday,koap,1.00000,1.00000,1.00000,1.00000
dev,chunk,dev-koap-12.6,seen,everyday,koap,1.00000,1.00000,1.00000,1.00000
dev,chunk,dev-koap-12.9,seen,legal,koap,1.00000,1.00000,1.00000,1.00000
dev,chunk,dev-koap-13.27.1,seen,legal,koap,1.00000,1.00000,1.00000,1.00000
dev,chunk,dev-koap-13.19.2,seen,everyday,koap,1.00000,1.00000,1.00000,1.00000
dev,chunk,dev-koap-14.17.1,seen,search,koap,1.00000,1.00000,1.00000,1.00000
dev,chunk,dev-koap-13.40.1,seen,legal,koap,1.00000,1.00000,1.00000,1.00000
dev,chunk,dev-koap-14.4.4,seen,search,koap,1.00000,1.00000,1.00000,1.00000
dev,chunk,dev-koap-14.3,seen,everyday,koap,1.00000,1.00000,1.00000,1.00000
dev,chunk,dev-koap-14.36,seen,everyday,koap,1.00000,1.00000,1.00000,1.00000
dev,chunk,dev-koap-14.53.1,seen,search,koap,1.00000,1.00000,1.00000,1.00000
dev,chunk,dev-koap-15.36,seen,search,koap,1.00000,1.00000,1.00000,1.00000
dev,chunk,dev-koap-15.26.1,seen,legal,koap,1.00000,1.00000,1.00000,1.00000
dev,chunk,dev-koap-15.33.2,seen,legal,koap,1.00000,1.00000,1.00000,1.00000
dev,chunk,dev-koap-15.46,seen,legal,koap,1.00000,1.00000,1.00000,1.00000
dev,chunk,dev-koap-16.12,seen,search,koap,1.00000,1.00000,1.00000,1.00000
dev,chunk,dev-koap-17.7,seen,everyday,koap,1.00000,1.00000,1.00000,1.00000
dev,chunk,dev-koap-16.13,seen,legal,koap,1.00000,1.00000,1.00000,1.00000
dev,chunk,dev-koap-18.11,seen,everyday,koap,1.00000,1.00000,1.00000,1.00000
dev,chunk,dev-koap-18.21,seen,search,koap,1.00000,1.00000,1.00000,1.00000
dev,chunk,dev-koap-18.6,seen,search,koap,1.00000,1.00000,1.00000,1.00000
dev,chunk,dev-koap-19.17,seen,search,koap,1.00000,1.00000,1.00000,1.00000
dev,chunk,dev-koap-18.14,seen,everyday,koap,1.00000,1.00000,1.00000,1.00000
dev,chunk,dev-koap-19.31,seen,legal,koap,1.00000,1.00000,1.00000,1.00000
dev,chunk,dev-koap-2.6,seen,everyday,koap,0.00000,0.00000,0.00000,0.00000
dev,chunk,dev-koap-2.7,seen,everyday,koap,0.00000,0.00000,0.00000,0.00000
dev,chunk,dev-koap-20.15,seen,everyday,koap,0.31546,0.00000,1.00000,0.12500
dev,chunk,dev-koap-20.19,seen,legal,koap,1.00000,1.00000,1.00000,1.00000
dev,chunk,dev-koap-21.2,seen,search,koap,1.00000,1.00000,1.00000,1.00000
dev,chunk,dev-koap-20.9,seen,everyday,koap,1.00000,1.00000,1.00000,1.00000
dev,chunk,dev-koap-20.2.2,seen,everyday,koap,1.00000,1.00000,1.00000,1.00000
dev,chunk,dev-koap-21.7,seen,legal,koap,1.00000,1.00000,1.00000,1.00000
dev,chunk,dev-koap-23.29,seen,search,koap,1.00000,1.00000,1.00000,1.00000
dev,chunk,dev-koap-23.22,seen,everyday,koap,1.00000,1.00000,1.00000,1.00000
dev,chunk,dev-koap-23.68,seen,search,koap,0.00000,0.00000,0.00000,0.00000
dev,chunk,dev-koap-23.4,seen,legal,koap,1.00000,1.00000,1.00000,1.00000
dev,chunk,dev-koap-23.7.2,seen,search,koap,1.00000,1.00000,1.00000,1.00000
dev,chunk,dev-koap-23.74,seen,search,koap,1.00000,1.00000,1.00000,1.00000
dev,chunk,dev-koap-23.93,seen,everyday,koap,1.00000,1.00000,1.00000,1.00000
dev,chunk,dev-koap-23.98,seen,legal,koap,1.00000,1.00000,1.00000,1.00000
dev,chunk,dev-koap-26.7,seen,search,koap,1.00000,1.00000,1.00000,1.00000
dev,chunk,dev-koap-26.6,seen,legal,koap,1.00000,1.00000,1.00000,1.00000
dev,chunk,dev-koap-25.9,seen,everyday,koap,1.00000,1.00000,1.00000,1.00000
dev,chunk,dev-koap-28.6,seen,search,koap,1.00000,1.00000,1.00000,1.00000
dev,chunk,dev-koap-29.1.6,seen,legal,koap,1.00000,1.00000,1.00000,1.00000
dev,chunk,dev-koap-29.10,seen,everyday,koap,0.35621,0.00000,1.00000,0.16667
dev,chunk,dev-koap-31.12,seen,search,koap,1.00000,1.00000,1.00000,1.00000
dev,chunk,dev-koap-30.9,seen,everyday,koap,0.31546,0.00000,1.00000,0.12500
dev,chunk,dev-koap-32.12,seen,search,koap,1.00000,1.00000,1.00000,1.00000
dev,chunk,dev-koap-5.1,seen,legal,koap,1.00000,1.00000,1.00000,1.00000
dev,chunk,dev-koap-5.17,seen,legal,koap,1.00000,1.00000,1.00000,1.00000
dev,chunk,dev-koap-5.22,seen,legal,koap,1.00000,1.00000,1.00000,1.00000
dev,chunk,dev-koap-5.33,seen,search,koap,1.00000,1.00000,1.00000,1.00000
dev,chunk,dev-koap-5.31,seen,legal,koap,1.00000,1.00000,1.00000,1.00000
dev,chunk,dev-koap-5.6,seen,search,koap,1.00000,1.00000,1.00000,1.00000
dev,chunk,dev-koap-7.28,seen,everyday,koap,1.00000,1.00000,1.00000,1.00000
dev,chunk,dev-koap-7.30.3,seen,search,koap,1.00000,1.00000,1.00000,1.00000
dev,chunk,dev-koap-7.30.6,seen,everyday,koap,1.00000,1.00000,1.00000,1.00000
dev,chunk,dev-koap-8.12,seen,search,koap,0.43068,1.00000,1.00000,0.25000
dev,chunk,dev-koap-8.49,seen,search,koap,0.00000,0.00000,0.00000,0.00000
dev,chunk,dev-koap-7.33,seen,everyday,koap,0.50000,1.00000,1.00000,0.33333
dev,chunk,dev-koap-8.53,seen,legal,koap,1.00000,1.00000,1.00000,1.00000
dev,chunk,dev-koap-8.7,seen,legal,koap,1.00000,1.00000,1.00000,1.00000
dev,chunk,dev-tk-115,seen,legal,tk,1.00000,1.00000,1.00000,1.00000
dev,chunk,dev-tk-15,seen,search,tk,1.00000,1.00000,1.00000,1.00000
dev,chunk,dev-tk-105,seen,everyday,tk,1.00000,1.00000,1.00000,1.00000
dev,chunk,dev-tk-168.1,seen,search,tk,1.00000,1.00000,1.00000,1.00000
dev,chunk,dev-tk-163,seen,everyday,tk,0.00000,0.00000,0.00000,0.00000
dev,chunk,dev-tk-167,seen,everyday,tk,1.00000,1.00000,1.00000,1.00000
dev,chunk,dev-tk-185.1,seen,search,tk,1.00000,1.00000,1.00000,1.00000
dev,chunk,dev-tk-188,seen,search,tk,1.00000,1.00000,1.00000,1.00000
dev,chunk,dev-tk-182,seen,everyday,tk,0.63093,1.00000,1.00000,0.50000
dev,chunk,dev-tk-227,seen,search,tk,0.43068,1.00000,1.00000,0.25000
dev,chunk,dev-tk-22.1,seen,legal,tk,1.00000,1.00000,1.00000,1.00000
dev,chunk,dev-tk-228.1,seen,search,tk,0.63093,1.00000,1.00000,0.50000
dev,chunk,dev-tk-241,seen,legal,tk,1.00000,1.00000,1.00000,1.00000
dev,chunk,dev-tk-252,seen,search,tk,0.38685,1.00000,1.00000,0.20000
dev,chunk,dev-tk-315,seen,legal,tk,0.00000,0.00000,0.00000,0.00000
dev,chunk,dev-tk-312.7,seen,legal,tk,1.00000,1.00000,1.00000,1.00000
dev,chunk,dev-tk-262.2,seen,everyday,tk,1.00000,1.00000,1.00000,1.00000
dev,chunk,dev-tk-335,seen,search,tk,1.00000,1.00000,1.00000,1.00000
dev,chunk,dev-tk-330.5,seen,legal,tk,1.00000,1.00000,1.00000,1.00000
dev,chunk,dev-tk-330.2,seen,everyday,tk,1.00000,1.00000,1.00000,1.00000
dev,chunk,dev-tk-340,seen,legal,tk,1.00000,1.00000,1.00000,1.00000
dev,chunk,dev-tk-341.2-1,seen,legal,tk,1.00000,1.00000,1.00000,1.00000
dev,chunk,dev-tk-341,seen,everyday,tk,1.00000,1.00000,1.00000,1.00000
dev,chunk,dev-tk-343,seen,everyday,tk,0.63093,1.00000,1.00000,0.50000
dev,chunk,dev-tk-349.3,seen,everyday,tk,0.33333,0.00000,1.00000,0.14286
dev,chunk,dev-tk-368,seen,legal,tk,1.00000,1.00000,1.00000,1.00000
dev,chunk,dev-tk-381,seen,search,tk,1.00000,1.00000,1.00000,1.00000
dev,chunk,dev-tk-392,seen,legal,tk,1.00000,1.00000,1.00000,1.00000
dev,chunk,dev-tk-42,seen,legal,tk,1.00000,1.00000,1.00000,1.00000
dev,chunk,dev-tk-43,seen,everyday,tk,1.00000,1.00000,1.00000,1.00000
dev,chunk,dev-tk-5,seen,search,tk,0.00000,0.00000,0.00000,0.00000
dev,chunk,dev-tk-45,seen,everyday,tk,0.63093,1.00000,1.00000,0.50000
dev,chunk,dev-zhk-119,seen,search,zhk,1.00000,1.00000,1.00000,1.00000
dev,chunk,dev-zhk-10,seen,everyday,zhk,0.00000,0.00000,0.00000,0.00000
dev,chunk,dev-zhk-133,seen,search,zhk,1.00000,1.00000,1.00000,1.00000
dev,chunk,dev-tk-88,seen,everyday,tk,1.00000,1.00000,1.00000,1.00000
dev,chunk,dev-zhk-149,seen,search,zhk,1.00000,1.00000,1.00000,1.00000
dev,chunk,dev-zhk-168,seen,search,zhk,1.00000,1.00000,1.00000,1.00000
dev,chunk,dev-zhk-187,seen,search,zhk,1.00000,1.00000,1.00000,1.00000
dev,chunk,dev-zhk-170,seen,everyday,zhk,1.00000,1.00000,1.00000,1.00000
dev,chunk,dev-zhk-172,seen,everyday,zhk,0.50000,1.00000,1.00000,0.33333
dev,chunk,dev-zhk-47,seen,search,zhk,0.35621,0.00000,1.00000,0.16667
dev,chunk,dev-zhk-198,seen,legal,zhk,1.00000,1.00000,1.00000,1.00000
dev,chunk,dev-zhk-26,seen,legal,zhk,1.00000,1.00000,1.00000,1.00000
dev,chunk,dev-zhk-93,seen,search,zhk,1.00000,1.00000,1.00000,1.00000
dev,chunk,dev-zhk-48,seen,everyday,zhk,1.00000,1.00000,1.00000,1.00000
dev,chunk,dev-zhk-74,seen,everyday,zhk,0.63093,1.00000,1.00000,0.50000
dev,chunk,dev-zhk-98.1,seen,legal,zhk,1.00000,1.00000,1.00000,1.00000
dev,chunk,dev-gk-1173,unseen_articles,search,gk,1.00000,1.00000,1.00000,1.00000
dev,chunk,dev-gk-1206,unseen_articles,search,gk,0.30103,0.00000,1.00000,0.11111
dev,chunk,dev-gk-1347,unseen_articles,search,gk,1.00000,1.00000,1.00000,1.00000
dev,chunk,dev-gk-1257,unseen_articles,legal,gk,1.00000,1.00000,1.00000,1.00000
dev,chunk,dev-gk-1279,unseen_articles,search,gk,1.00000,1.00000,1.00000,1.00000
dev,chunk,dev-gk-141.2,unseen_articles,everyday,gk,0.31546,0.00000,1.00000,0.12500
dev,chunk,dev-gk-1360.1,unseen_articles,everyday,gk,1.00000,1.00000,1.00000,1.00000
dev,chunk,dev-gk-1379,unseen_articles,everyday,gk,1.00000,1.00000,1.00000,1.00000
dev,chunk,dev-gk-149.3,unseen_articles,search,gk,0.38685,1.00000,1.00000,0.20000
dev,chunk,dev-gk-1524,unseen_articles,search,gk,0.63093,1.00000,1.00000,0.50000
dev,chunk,dev-gk-155,unseen_articles,legal,gk,1.00000,1.00000,1.00000,1.00000
dev,chunk,dev-gk-244,unseen_articles,legal,gk,1.00000,1.00000,1.00000,1.00000
dev,chunk,dev-gk-271,unseen_articles,legal,gk,1.00000,1.00000,1.00000,1.00000
dev,chunk,dev-gk-33,unseen_articles,legal,gk,0.38685,1.00000,1.00000,0.20000
dev,chunk,dev-gk-32,unseen_articles,everyday,gk,0.43068,1.00000,1.00000,0.25000
dev,chunk,dev-gk-358.1,unseen_articles,legal,gk,1.00000,1.00000,1.00000,1.00000
dev,chunk,dev-gk-475,unseen_articles,search,gk,0.38685,1.00000,1.00000,0.20000
dev,chunk,dev-gk-358.3,unseen_articles,everyday,gk,1.00000,1.00000,1.00000,1.00000
dev,chunk,dev-gk-48,unseen_articles,everyday,gk,1.00000,1.00000,1.00000,1.00000
dev,chunk,dev-gk-516,unseen_articles,legal,gk,1.00000,1.00000,1.00000,1.00000
dev,chunk,dev-gk-496,unseen_articles,everyday,gk,0.50000,1.00000,1.00000,0.33333
dev,chunk,dev-gk-533,unseen_articles,search,gk,0.63093,1.00000,1.00000,0.50000
dev,chunk,dev-gk-589,unseen_articles,search,gk,1.00000,1.00000,1.00000,1.00000
dev,chunk,dev-gk-686,unseen_articles,everyday,gk,1.00000,1.00000,1.00000,1.00000
dev,chunk,dev-gk-66.3,unseen_articles,everyday,gk,1.00000,1.00000,1.00000,1.00000
dev,chunk,dev-gk-764,unseen_articles,search,gk,1.00000,1.00000,1.00000,1.00000
dev,chunk,dev-gk-734,unseen_articles,everyday,gk,0.63093,1.00000,1.00000,0.50000
dev,chunk,dev-gk-8.1,unseen_articles,everyday,gk,1.00000,1.00000,1.00000,1.00000
dev,chunk,dev-gk-843,unseen_articles,search,gk,1.00000,1.00000,1.00000,1.00000
dev,chunk,dev-gk-834,unseen_articles,legal,gk,1.00000,1.00000,1.00000,1.00000
dev,chunk,dev-gk-859.1,unseen_articles,everyday,gk,1.00000,1.00000,1.00000,1.00000
dev,chunk,dev-gk-875,unseen_articles,everyday,gk,0.00000,0.00000,0.00000,0.00000
dev,chunk,dev-gk-884,unseen_articles,legal,gk,1.00000,1.00000,1.00000,1.00000
dev,chunk,dev-gk-944,unseen_articles,search,gk,0.63093,1.00000,1.00000,0.50000
dev,chunk,dev-gk-969,unseen_articles,legal,gk,1.00000,1.00000,1.00000,1.00000
dev,chunk,dev-gk-94,unseen_articles,legal,gk,1.00000,1.00000,1.00000,1.00000
dev,chunk,dev-koap-1.2,unseen_articles,legal,koap,1.00000,1.00000,1.00000,1.00000
dev,chunk,dev-koap-11.8.1,unseen_articles,legal,koap,1.00000,1.00000,1.00000,1.00000
dev,chunk,dev-koap-13.19.5,unseen_articles,search,koap,0.00000,0.00000,0.00000,0.00000
dev,chunk,dev-koap-11.14,unseen_articles,everyday,koap,1.00000,1.00000,1.00000,1.00000
dev,chunk,dev-koap-13.10,unseen_articles,everyday,koap,1.00000,1.00000,1.00000,1.00000
dev,chunk,dev-koap-13.28,unseen_articles,search,koap,0.63093,1.00000,1.00000,0.50000
dev,chunk,dev-koap-13.33,unseen_articles,search,koap,1.00000,1.00000,1.00000,1.00000
dev,chunk,dev-koap-14.10,unseen_articles,everyday,koap,0.63093,1.00000,1.00000,0.50000
dev,chunk,dev-koap-15.13,unseen_articles,legal,koap,1.00000,1.00000,1.00000,1.00000
dev,chunk,dev-koap-16.4,unseen_articles,legal,koap,1.00000,1.00000,1.00000,1.00000
dev,chunk,dev-koap-15.37.1,unseen_articles,everyday,koap,0.63093,1.00000,1.00000,0.50000
dev,chunk,dev-koap-19.21,unseen_articles,search,koap,1.00000,1.00000,1.00000,1.00000
dev,chunk,dev-koap-19.18,unseen_articles,everyday,koap,1.00000,1.00000,1.00000,1.00000
dev,chunk,dev-koap-19.6,unseen_articles,legal,koap,1.00000,1.00000,1.00000,1.00000
dev,chunk,dev-koap-19.8.1,unseen_articles,search,koap,0.00000,0.00000,0.00000,0.00000
dev,chunk,dev-koap-19.7.5-1,unseen_articles,legal,koap,1.00000,1.00000,1.00000,1.00000
dev,chunk,dev-koap-20.10,unseen_articles,everyday,koap,1.00000,1.00000,1.00000,1.00000
dev,chunk,dev-koap-23.28,unseen_articles,search,koap,1.00000,1.00000,1.00000,1.00000
dev,chunk,dev-koap-23.77,unseen_articles,legal,koap,0.63093,1.00000,1.00000,0.50000
dev,chunk,dev-koap-27.1,unseen_articles,search,koap,1.00000,1.00000,1.00000,1.00000
dev,chunk,dev-koap-5.66,unseen_articles,everyday,koap,1.00000,1.00000,1.00000,1.00000
dev,chunk,dev-koap-8.24,unseen_articles,everyday,koap,0.50000,1.00000,1.00000,0.33333
dev,chunk,dev-tk-151,unseen_articles,search,tk,1.00000,1.00000,1.00000,1.00000
dev,chunk,dev-tk-134,unseen_articles,legal,tk,1.00000,1.00000,1.00000,1.00000
dev,chunk,dev-tk-154,unseen_articles,search,tk,1.00000,1.00000,1.00000,1.00000
dev,chunk,dev-tk-311,unseen_articles,search,tk,0.50000,1.00000,1.00000,0.33333
dev,chunk,dev-tk-321,unseen_articles,everyday,tk,1.00000,1.00000,1.00000,1.00000
dev,chunk,dev-tk-328.1,unseen_articles,legal,tk,1.00000,1.00000,1.00000,1.00000
dev,chunk,dev-tk-336,unseen_articles,legal,tk,1.00000,1.00000,1.00000,1.00000
dev,chunk,dev-tk-46,unseen_articles,legal,tk,1.00000,1.00000,1.00000,1.00000
dev,chunk,dev-tk-60.2,unseen_articles,legal,tk,1.00000,1.00000,1.00000,1.00000
dev,chunk,dev-tk-47,unseen_articles,everyday,tk,1.00000,1.00000,1.00000,1.00000
dev,chunk,dev-zhk-118,unseen_articles,search,zhk,1.00000,1.00000,1.00000,1.00000
dev,chunk,dev-tk-84,unseen_articles,legal,tk,1.00000,1.00000,1.00000,1.00000
dev,chunk,dev-zhk-152,unseen_articles,legal,zhk,1.00000,1.00000,1.00000,1.00000
dev,chunk,dev-zhk-20,unseen_articles,search,zhk,0.63093,1.00000,1.00000,0.50000
dev,chunk,dev-zhk-22,unseen_articles,search,zhk,1.00000,1.00000,1.00000,1.00000
dev,chunk,dev-zhk-91.1,unseen_articles,everyday,zhk,0.35621,0.00000,1.00000,0.16667
test,chunk,test-gk-1,seen,search,gk,1.00000,1.00000,1.00000,1.00000
test,chunk,test-gk-1017,seen,legal,gk,1.00000,1.00000,1.00000,1.00000
test,chunk,test-gk-1049,seen,search,gk,1.00000,1.00000,1.00000,1.00000
test,chunk,test-gk-1000,seen,everyday,gk,0.33333,0.00000,1.00000,0.14286
test,chunk,test-gk-1056,seen,search,gk,1.00000,1.00000,1.00000,1.00000
test,chunk,test-gk-1046,seen,everyday,gk,1.00000,1.00000,1.00000,1.00000
test,chunk,test-gk-1070,seen,legal,gk,1.00000,1.00000,1.00000,1.00000
test,chunk,test-gk-1077,seen,legal,gk,1.00000,1.00000,1.00000,1.00000
test,chunk,test-gk-1075,seen,everyday,gk,1.00000,1.00000,1.00000,1.00000
test,chunk,test-gk-1090,seen,search,gk,1.00000,1.00000,1.00000,1.00000
test,chunk,test-gk-1085,seen,everyday,gk,0.63093,1.00000,1.00000,0.50000
test,chunk,test-gk-1079,seen,everyday,gk,0.00000,0.00000,0.00000,0.00000
test,chunk,test-gk-1143,seen,legal,gk,1.00000,1.00000,1.00000,1.00000
test,chunk,test-gk-1157,seen,legal,gk,1.00000,1.00000,1.00000,1.00000
test,chunk,test-gk-1144,seen,everyday,gk,0.63093,1.00000,1.00000,0.50000
test,chunk,test-gk-1221,seen,legal,gk,1.00000,1.00000,1.00000,1.00000
test,chunk,test-gk-123.1,seen,search,gk,0.63093,1.00000,1.00000,0.50000
test,chunk,test-gk-123.20-5,seen,search,gk,0.63093,1.00000,1.00000,0.50000
test,chunk,test-gk-123.11,seen,everyday,gk,1.00000,1.00000,1.00000,1.00000
test,chunk,test-gk-123.16-3,seen,everyday,gk,1.00000,1.00000,1.00000,1.00000
test,chunk,test-gk-1237,seen,search,gk,1.00000,1.00000,1.00000,1.00000
test,chunk,test-gk-1231,seen,legal,gk,1.00000,1.00000,1.00000,1.00000
test,chunk,test-gk-1236,seen,everyday,gk,0.00000,0.00000,0.00000,0.00000
test,chunk,test-gk-1241,seen,search,gk,0.63093,1.00000,1.00000,0.50000
test,chunk,test-gk-1278,seen,search,gk,1.00000,1.00000,1.00000,1.00000
test,chunk,test-gk-1276,seen,everyday,gk,0.00000,0.00000,0.00000,0.00000
test,chunk,test-gk-1287,seen,legal,gk,1.00000,1.00000,1.00000,1.00000
test,chunk,test-gk-1296,seen,legal,gk,1.00000,1.00000,1.00000,1.00000
test,chunk,test-gk-13,seen,legal,gk,1.00000,1.00000,1.00000,1.00000
test,chunk,test-gk-1300,seen,everyday,gk,0.43068,1.00000,1.00000,0.25000
test,chunk,test-gk-1321,seen,everyday,gk,0.28906,0.00000,1.00000,0.10000
test,chunk,test-gk-1328,seen,everyday,gk,0.28906,0.00000,1.00000,0.10000
test,chunk,test-gk-133.1,seen,legal,gk,1.00000,1.00000,1.00000,1.00000
test,chunk,test-gk-1331,seen,search,gk,1.00000,1.00000,1.00000,1.00000
test,chunk,test-gk-1357,seen,legal,gk,1.00000,1.00000,1.00000,1.00000
test,chunk,test-gk-1359,seen,everyday,gk,0.00000,0.00000,0.00000,0.00000
test,chunk,test-gk-1369,seen,everyday,gk,0.63093,1.00000,1.00000,0.50000
test,chunk,test-gk-1373,seen,legal,gk,1.00000,1.00000,1.00000,1.00000
test,chunk,test-gk-1398,seen,everyday,gk,0.50000,1.00000,1.00000,0.33333
test,chunk,test-gk-1418,seen,everyday,gk,0.38685,1.00000,1.00000,0.20000
test,chunk,test-gk-1447,seen,legal,gk,1.00000,1.00000,1.00000,1.00000
test,chunk,test-gk-1427,seen,legal,gk,0.63093,1.00000,1.00000,0.50000
test,chunk,test-gk-1471,seen,search,gk,0.50000,1.00000,1.00000,0.33333
test,chunk,test-gk-1474,seen,search,gk,1.00000,1.00000,1.00000,1.00000
test,chunk,test-gk-1483,seen,search,gk,1.00000,1.00000,1.00000,1.00000
test,chunk,test-gk-1494,seen,search,gk,1.00000,1.00000,1.00000,1.00000
test,chunk,test-gk-1501,seen,legal,gk,0.63093,1.00000,1.00000,0.50000
test,chunk,test-gk-1504,seen,legal,gk,1.00000,1.00000,1.00000,1.00000
test,chunk,test-gk-1496,seen,legal,gk,1.00000,1.00000,1.00000,1.00000
test,chunk,test-gk-1525,seen,legal,gk,1.00000,1.00000,1.00000,1.00000
test,chunk,test-gk-169,seen,search,gk,0.50000,1.00000,1.00000,0.33333
test,chunk,test-gk-1523,seen,everyday,gk,1.00000,1.00000,1.00000,1.00000
test,chunk,test-gk-177,seen,search,gk,0.63093,1.00000,1.00000,0.50000
test,chunk,test-gk-178,seen,search,gk,1.00000,1.00000,1.00000,1.00000
test,chunk,test-gk-181.3,seen,legal,gk,1.00000,1.00000,1.00000,1.00000
test,chunk,test-gk-188,seen,search,gk,1.00000,1.00000,1.00000,1.00000
test,chunk,test-gk-183,seen,legal,gk,1.00000,1.00000,1.00000,1.00000
test,chunk,test-gk-189,seen,search,gk,1.00000,1.00000,1.00000,1.00000
test,chunk,test-gk-199,seen,search,gk,0.63093,1.00000,1.00000,0.50000
test,chunk,test-gk-23,seen,legal,gk,1.00000,1.00000,1.00000,1.00000
test,chunk,test-gk-237,seen,everyday,gk,0.38685,1.00000,1.00000,0.20000
test,chunk,test-gk-239,seen,search,gk,1.00000,1.00000,1.00000,1.00000
test,chunk,test-gk-233,seen,everyday,gk,1.00000,1.00000,1.00000,1.00000
test,chunk,test-gk-239.2,seen,legal,gk,1.00000,1.00000,1.00000,1.00000
test,chunk,test-gk-264,seen,legal,gk,1.00000,1.00000,1.00000,1.00000
test,chunk,test-gk-274,seen,legal,gk,1.00000,1.00000,1.00000,1.00000
test,chunk,test-gk-287.5,seen,search,gk,1.00000,1.00000,1.00000,1.00000
test,chunk,test-gk-277,seen,everyday,gk,0.00000,0.00000,0.00000,0.00000
test,chunk,test-gk-284,seen,everyday,gk,0.00000,0.00000,0.00000,0.00000
test,chunk,test-gk-298,seen,everyday,gk,0.00000,0.00000,0.00000,0.00000
test,chunk,test-gk-299,seen,search,gk,1.00000,1.00000,1.00000,1.00000
test,chunk,test-gk-322,seen,search,gk,1.00000,1.00000,1.00000,1.00000
test,chunk,test-gk-308,seen,everyday,gk,0.63093,1.00000,1.00000,0.50000
test,chunk,test-gk-328,seen,everyday,gk,0.00000,0.00000,0.00000,0.00000
test,chunk,test-gk-333,seen,legal,gk,1.00000,1.00000,1.00000,1.00000
test,chunk,test-gk-354,seen,legal,gk,1.00000,1.00000,1.00000,1.00000
test,chunk,test-gk-358.14,seen,search,gk,1.00000,1.00000,1.00000,1.00000
test,chunk,test-gk-356,seen,legal,gk,1.00000,1.00000,1.00000,1.00000
test,chunk,test-gk-358.6,seen,search,gk,1.00000,1.00000,1.00000,1.00000
test,chunk,test-gk-360,seen,search,gk,1.00000,1.00000,1.00000,1.00000
test,chunk,test-gk-358.7,seen,legal,gk,1.00000,1.00000,1.00000,1.00000
test,chunk,test-gk-368,seen,search,gk,1.00000,1.00000,1.00000,1.00000
test,chunk,test-gk-37,seen,search,gk,1.00000,1.00000,1.00000,1.00000
test,chunk,test-gk-384,seen,search,gk,1.00000,1.00000,1.00000,1.00000
test,chunk,test-gk-392.3,seen,search,gk,1.00000,1.00000,1.00000,1.00000
test,chunk,test-gk-396,seen,legal,gk,1.00000,1.00000,1.00000,1.00000
test,chunk,test-gk-403,seen,legal,gk,1.00000,1.00000,1.00000,1.00000
test,chunk,test-gk-399,seen,everyday,gk,1.00000,1.00000,1.00000,1.00000
test,chunk,test-gk-42,seen,legal,gk,1.00000,1.00000,1.00000,1.00000
test,chunk,test-gk-406.1,seen,everyday,gk,1.00000,1.00000,1.00000,1.00000
test,chunk,test-gk-469,seen,search,gk,0.63093,1.00000,1.00000,0.50000
test,chunk,test-gk-45,seen,everyday,gk,1.00000,1.00000,1.00000,1.00000
test,chunk,test-gk-547,seen,search,gk,0.63093,1.00000,1.00000,0.50000
test,chunk,test-gk-542,seen,everyday,gk,1.00000,1.00000,1.00000,1.00000
test,chunk,test-gk-550,seen,legal,gk,1.00000,1.00000,1.00000,1.00000
test,chunk,test-gk-606,seen,search,gk,0.63093,1.00000,1.00000,0.50000
test,chunk,test-gk-57,seen,legal,gk,1.00000,1.00000,1.00000,1.00000
test,chunk,test-gk-610,seen,search,gk,1.00000,1.00000,1.00000,1.00000
test,chunk,test-gk-624,seen,search,gk,1.00000,1.00000,1.00000,1.00000
test,chunk,test-gk-638,seen,search,gk,0.50000,1.00000,1.00000,0.33333
test,chunk,test-gk-63,seen,everyday,gk,1.00000,1.00000,1.00000,1.00000
test,chunk,test-gk-636,seen,legal,gk,1.00000,1.00000,1.00000,1.00000
test,chunk,test-gk-64.2,seen,search,gk,1.00000,1.00000,1.00000,1.00000
test,chunk,test-gk-651,seen,search,gk,1.00000,1.00000,1.00000,1.00000
test,chunk,test-gk-65.3,seen,legal,gk,1.00000,1.00000,1.00000,1.00000
test,chunk,test-gk-67.1,seen,search,gk,1.00000,1.00000,1.00000,1.00000
test,chunk,test-gk-690,seen,search,gk,0.43068,1.00000,1.00000,0.25000
test,chunk,test-gk-692,seen,search,gk,0.63093,1.00000,1.00000,0.50000
test,chunk,test-gk-683,seen,legal,gk,1.00000,1.00000,1.00000,1.00000
test,chunk,test-gk-722,seen,legal,gk,1.00000,1.00000,1.00000,1.00000
test,chunk,test-gk-695,seen,everyday,gk,0.00000,0.00000,0.00000,0.00000
test,chunk,test-gk-745,seen,everyday,gk,0.38685,1.00000,1.00000,0.20000
test,chunk,test-gk-763,seen,legal,gk,0.63093,1.00000,1.00000,0.50000
test,chunk,test-gk-747,seen,everyday,gk,1.00000,1.00000,1.00000,1.00000
test,chunk,test-gk-777,seen,search,gk,1.00000,1.00000,1.00000,1.00000
test,chunk,test-gk-818,seen,everyday,gk,1.00000,1.00000,1.00000,1.00000
test,chunk,test-gk-808,seen,legal,gk,1.00000,1.00000,1.00000,1.00000
test,chunk,test-gk-782,seen,everyday,gk,0.33333,0.00000,1.00000,0.14286
test,chunk,test-gk-858,seen,search,gk,1.00000,1.00000,1.00000,1.00000
test,chunk,test-gk-846,seen,everyday,gk,1.00000,1.00000,1.00000,1.00000
test,chunk,test-gk-860.11,seen,everyday,gk,0.63093,1.00000,1.00000,0.50000
test,chunk,test-gk-860.13,seen,search,gk,1.00000,1.00000,1.00000,1.00000
test,chunk,test-gk-860.5,seen,search,gk,1.00000,1.00000,1.00000,1.00000
test,chunk,test-gk-864,seen,search,gk,1.00000,1.00000,1.00000,1.00000
test,chunk,test-gk-860.14,seen,legal,gk,1.00000,1.00000,1.00000,1.00000
test,chunk,test-gk-88,seen,search,gk,1.00000,1.00000,1.00000,1.00000
test,chunk,test-gk-883,seen,search,gk,1.00000,1.00000,1.00000,1.00000
test,chunk,test-gk-866,seen,search,gk,1.00000,1.00000,1.00000,1.00000
test,chunk,test-gk-889,seen,legal,gk,0.50000,1.00000,1.00000,0.33333
test,chunk,test-gk-907,seen,legal,gk,1.00000,1.00000,1.00000,1.00000
test,chunk,test-gk-899,seen,everyday,gk,1.00000,1.00000,1.00000,1.00000
test,chunk,test-gk-920,seen,search,gk,1.00000,1.00000,1.00000,1.00000
test,chunk,test-gk-935,seen,search,gk,1.00000,1.00000,1.00000,1.00000
test,chunk,test-gk-93,seen,legal,gk,1.00000,1.00000,1.00000,1.00000
test,chunk,test-gk-926.3,seen,legal,gk,1.00000,1.00000,1.00000,1.00000
test,chunk,test-gk-96,seen,search,gk,0.63093,1.00000,1.00000,0.50000
test,chunk,test-gk-960,seen,everyday,gk,1.00000,1.00000,1.00000,1.00000
test,chunk,test-gk-990,seen,legal,gk,0.63093,1.00000,1.00000,0.50000
test,chunk,test-gk-978,seen,everyday,gk,0.00000,0.00000,0.00000,0.00000
test,chunk,test-gk-994,seen,search,gk,1.00000,1.00000,1.00000,1.00000
test,chunk,test-gk-995,seen,search,gk,1.00000,1.00000,1.00000,1.00000
test,chunk,test-koap-1.8,seen,search,koap,1.00000,1.00000,1.00000,1.00000
test,chunk,test-koap-11.13,seen,legal,koap,1.00000,1.00000,1.00000,1.00000
test,chunk,test-koap-11.4,seen,search,koap,1.00000,1.00000,1.00000,1.00000
test,chunk,test-koap-11.6.1,seen,legal,koap,1.00000,1.00000,1.00000,1.00000
test,chunk,test-koap-12.21.3,seen,search,koap,1.00000,1.00000,1.00000,1.00000
test,chunk,test-koap-12.30,seen,legal,koap,1.00000,1.00000,1.00000,1.00000
test,chunk,test-koap-12.4,seen,search,koap,1.00000,1.00000,1.00000,1.00000
test,chunk,test-koap-13.15,seen,search,koap,1.00000,1.00000,1.00000,1.00000
test,chunk,test-koap-13.23,seen,legal,koap,1.00000,1.00000,1.00000,1.00000
test,chunk,test-koap-13.44,seen,legal,koap,1.00000,1.00000,1.00000,1.00000
test,chunk,test-koap-13.33.1,seen,everyday,koap,1.00000,1.00000,1.00000,1.00000
test,chunk,test-koap-13.56,seen,search,koap,0.00000,0.00000,0.00000,0.00000
test,chunk,test-koap-13.45,seen,everyday,koap,0.31546,0.00000,1.00000,0.12500
test,chunk,test-koap-14.13,seen,legal,koap,1.00000,1.00000,1.00000,1.00000
test,chunk,test-koap-14.17.3,seen,search,koap,1.00000,1.00000,1.00000,1.00000
test,chunk,test-koap-14.33,seen,search,koap,1.00000,1.00000,1.00000,1.00000
test,chunk,test-koap-14.38,seen,search,koap,1.00000,1.00000,1.00000,1.00000
test,chunk,test-koap-14.46.2,seen,legal,koap,1.00000,1.00000,1.00000,1.00000
test,chunk,test-koap-14.56.1,seen,legal,koap,1.00000,1.00000,1.00000,1.00000
test,chunk,test-koap-14.52,seen,everyday,koap,1.00000,1.00000,1.00000,1.00000
test,chunk,test-koap-15.11,seen,everyday,koap,1.00000,1.00000,1.00000,1.00000
test,chunk,test-koap-15.15,seen,everyday,koap,1.00000,1.00000,1.00000,1.00000
test,chunk,test-koap-15.27.3,seen,legal,koap,1.00000,1.00000,1.00000,1.00000
test,chunk,test-koap-16.16,seen,search,koap,1.00000,1.00000,1.00000,1.00000
test,chunk,test-koap-16.1,seen,everyday,koap,0.33333,0.00000,1.00000,0.14286
test,chunk,test-koap-16.21,seen,search,koap,1.00000,1.00000,1.00000,1.00000
test,chunk,test-koap-19.27,seen,legal,koap,1.00000,1.00000,1.00000,1.00000
test,chunk,test-koap-17.13,seen,everyday,koap,0.00000,0.00000,0.00000,0.00000
test,chunk,test-koap-19.4.2,seen,everyday,koap,1.00000,1.00000,1.00000,1.00000
test,chunk,test-koap-19.7.11,seen,legal,koap,1.00000,1.00000,1.00000,1.00000
test,chunk,test-koap-19.8,seen,search,koap,1.00000,1.00000,1.00000,1.00000
test,chunk,test-koap-20.13,seen,search,koap,1.00000,1.00000,1.00000,1.00000
test,chunk,test-koap-20.14,seen,everyday,koap,0.63093,1.00000,1.00000,0.50000
test,chunk,test-koap-19.8.2,seen,everyday,koap,1.00000,1.00000,1.00000,1.00000
test,chunk,test-koap-20.17,seen,everyday,koap,1.00000,1.00000,1.00000,1.00000
test,chunk,test-koap-20.25,seen,search,koap,1.00000,1.00000,1.00000,1.00000
test,chunk,test-koap-20.24,seen,everyday,koap,1.00000,1.00000,1.00000,1.00000
test,chunk,test-koap-20.3.4,seen,everyday,koap,0.50000,1.00000,1.00000,0.33333
test,chunk,test-koap-20.3.3,seen,everyday,koap,0.63093,1.00000,1.00000,0.50000
test,chunk,test-koap-20.5.1,seen,everyday,koap,1.00000,1.00000,1.00000,1.00000
test,chunk,test-koap-23.15,seen,legal,koap,0.63093,1.00000,1.00000,0.50000
test,chunk,test-koap-20.6.1,seen,everyday,koap,0.30103,0.00000,1.00000,0.11111
test,chunk,test-koap-23.34,seen,everyday,koap,0.63093,1.00000,1.00000,0.50000
test,chunk,test-koap-23.26.1,seen,everyday,koap,0.50000,1.00000,1.00000,0.33333
test,chunk,test-koap-23.36.2,seen,everyday,koap,1.00000,1.00000,1.00000,1.00000
test,chunk,test-koap-23.42,seen,legal,koap,1.00000,1.00000,1.00000,1.00000
test,chunk,test-koap-23.55,seen,everyday,koap,1.00000,1.00000,1.00000,1.00000
test,chunk,test-koap-23.88,seen,search,koap,1.00000,1.00000,1.00000,1.00000
test,chunk,test-koap-23.86,seen,legal,koap,1.00000,1.00000,1.00000,1.00000
test,chunk,test-koap-27.14,seen,search,koap,1.00000,1.00000,1.00000,1.00000
test,chunk,test-koap-26.1,seen,legal,koap,1.00000,1.00000,1.00000,1.00000
test,chunk,test-koap-24.4,seen,everyday,koap,0.43068,1.00000,1.00000,0.25000
test,chunk,test-koap-27.15,seen,search,koap,1.00000,1.00000,1.00000,1.00000
test,chunk,test-koap-28.10,seen,search,koap,0.63093,1.00000,1.00000,0.50000
test,chunk,test-koap-28.5,seen,legal,koap,1.00000,1.00000,1.00000,1.00000
test,chunk,test-koap-27.20,seen,everyday,koap,0.38685,1.00000,1.00000,0.20000
test,chunk,test-koap-29.6,seen,search,koap,1.00000,1.00000,1.00000,1.00000
test,chunk,test-koap-3.4,seen,search,koap,1.00000,1.00000,1.00000,1.00000
test,chunk,test-koap-29.9,seen,everyday,koap,0.43068,1.00000,1.00000,0.25000
test,chunk,test-koap-3.13,seen,everyday,koap,0.43068,1.00000,1.00000,0.25000
test,chunk,test-koap-30.12,seen,everyday,koap,1.00000,1.00000,1.00000,1.00000
test,chunk,test-koap-30.15,seen,legal,koap,0.00000,0.00000,0.00000,0.00000
test,chunk,test-koap-31.10,seen,legal,koap,1.00000,1.00000,1.00000,1.00000
test,chunk,test-koap-31.8,seen,legal,koap,0.63093,1.00000,1.00000,0.50000
test,chunk,test-koap-31.7,seen,everyday,koap,0.50000,1.00000,1.00000,0.33333
test,chunk,test-koap-4.6,seen,everyday,koap,0.43068,1.00000,1.00000,0.25000
test,chunk,test-koap-5.27.2,seen,legal,koap,1.00000,1.00000,1.00000,1.00000
test,chunk,test-koap-4.7,seen,everyday,koap,0.00000,0.00000,0.00000,0.00000
test,chunk,test-koap-5.41,seen,search,koap,1.00000,1.00000,1.00000,1.00000
test,chunk,test-koap-5.40,seen,everyday,koap,0.63093,1.00000,1.00000,0.50000
test,chunk,test-koap-5.61.1,seen,search,koap,1.00000,1.00000,1.00000,1.00000
test,chunk,test-koap-5.46,seen,legal,koap,1.00000,1.00000,1.00000,1.00000
test,chunk,test-koap-5.8,seen,search,koap,0.00000,0.00000,0.00000,0.00000
test,chunk,test-koap-5.63,seen,everyday,koap,0.63093,1.00000,1.00000,0.50000
test,chunk,test-koap-6.21,seen,everyday,koap,0.63093,1.00000,1.00000,0.50000
test,chunk,test-koap-6.23,seen,legal,koap,1.00000,1.00000,1.00000,1.00000
test,chunk,test-koap-6.3.1,seen,search,koap,1.00000,1.00000,1.00000,1.00000
test,chunk,test-koap-6.28,seen,legal,koap,1.00000,1.00000,1.00000,1.00000
test,chunk,test-koap-7.12,seen,legal,koap,0.50000,1.00000,1.00000,0.33333
test,chunk,test-koap-6.9,seen,legal,koap,1.00000,1.00000,1.00000,1.00000
test,chunk,test-koap-6.32,seen,everyday,koap,1.00000,1.00000,1.00000,1.00000
test,chunk,test-koap-7.20,seen,legal,koap,1.00000,1.00000,1.00000,1.00000
test,chunk,test-koap-7.32.6,seen,legal,koap,1.00000,1.00000,1.00000,1.00000
test,chunk,test-koap-7.35,seen,search,koap,1.00000,1.00000,1.00000,1.00000
test,chunk,test-koap-8.14,seen,legal,koap,1.00000,1.00000,1.00000,1.00000
test,chunk,test-koap-8.28,seen,everyday,koap,1.00000,1.00000,1.00000,1.00000
test,chunk,test-koap-8.34,seen,everyday,koap,1.00000,1.00000,1.00000,1.00000
test,chunk,test-koap-8.47,seen,search,koap,1.00000,1.00000,1.00000,1.00000
test,chunk,test-tk-130,seen,legal,tk,0.35621,0.00000,1.00000,0.16667
test,chunk,test-tk-131,seen,legal,tk,1.00000,1.00000,1.00000,1.00000
test,chunk,test-koap-9.7,seen,everyday,koap,1.00000,1.00000,1.00000,1.00000
test,chunk,test-tk-14,seen,search,tk,1.00000,1.00000,1.00000,1.00000
test,chunk,test-tk-173,seen,legal,tk,0.50000,1.00000,1.00000,0.33333
test,chunk,test-tk-138,seen,everyday,tk,1.00000,1.00000,1.00000,1.00000
test,chunk,test-tk-18,seen,legal,tk,1.00000,1.00000,1.00000,1.00000
test,chunk,test-tk-180,seen,legal,tk,1.00000,1.00000,1.00000,1.00000
test,chunk,test-tk-209.1,seen,legal,tk,1.00000,1.00000,1.00000,1.00000
test,chunk,test-tk-214.2,seen,search,tk,1.00000,1.00000,1.00000,1.00000
test,chunk,test-tk-203,seen,everyday,tk,1.00000,1.00000,1.00000,1.00000
test,chunk,test-tk-216,seen,legal,tk,1.00000,1.00000,1.00000,1.00000
test,chunk,test-tk-219,seen,legal,tk,1.00000,1.00000,1.00000,1.00000
test,chunk,test-tk-216.2,seen,legal,tk,1.00000,1.00000,1.00000,1.00000
test,chunk,test-tk-222,seen,everyday,tk,1.00000,1.00000,1.00000,1.00000
test,chunk,test-tk-229,seen,legal,tk,1.00000,1.00000,1.00000,1.00000
test,chunk,test-tk-229.1,seen,everyday,tk,1.00000,1.00000,1.00000,1.00000
test,chunk,test-tk-229.2,seen,search,tk,1.00000,1.00000,1.00000,1.00000
test,chunk,test-tk-231,seen,search,tk,0.38685,1.00000,1.00000,0.20000
test,chunk,test-tk-253,seen,search,tk,1.00000,1.00000,1.00000,1.00000
test,chunk,test-tk-248,seen,legal,tk,1.00000,1.00000,1.00000,1.00000
test,chunk,test-tk-255,seen,legal,tk,1.00000,1.00000,1.00000,1.00000
test,chunk,test-tk-278,seen,search,tk,1.00000,1.00000,1.00000,1.00000
test,chunk,test-tk-296,seen,search,tk,1.00000,1.00000,1.00000,1.00000
test,chunk,test-tk-290,seen,legal,tk,1.00000,1.00000,1.00000,1.00000
test,chunk,test-tk-312.2,seen,search,tk,1.00000,1.00000,1.00000,1.00000
test,chunk,test-tk-314,seen,search,tk,1.00000,1.00000,1.00000,1.00000
test,chunk,test-tk-308,seen,everyday,tk,1.00000,1.00000,1.00000,1.00000
test,chunk,test-tk-324,seen,search,tk,1.00000,1.00000,1.00000,1.00000
test,chunk,test-tk-319,seen,legal,tk,1.00000,1.00000,1.00000,1.00000
test,chunk,test-tk-338,seen,search,tk,1.00000,1.00000,1.00000,1.00000
test,chunk,test-tk-331,seen,everyday,tk,0.31546,0.00000,1.00000,0.12500
test,chunk,test-tk-350,seen,search,tk,1.00000,1.00000,1.00000,1.00000
test,chunk,test-tk-339,seen,legal,tk,1.00000,1.00000,1.00000,1.00000
test,chunk,test-tk-351.7,seen,legal,tk,1.00000,1.00000,1.00000,1.00000
test,chunk,test-tk-378,seen,legal,tk,1.00000,1.00000,1.00000,1.00000
test,chunk,test-tk-39,seen,search,tk,1.00000,1.00000,1.00000,1.00000
test,chunk,test-tk-386,seen,search,tk,1.00000,1.00000,1.00000,1.00000
test,chunk,test-tk-407,seen,legal,tk,1.00000,1.00000,1.00000,1.00000
test,chunk,test-tk-415,seen,everyday,tk,0.00000,0.00000,0.00000,0.00000
test,chunk,test-tk-403,seen,legal,tk,1.00000,1.00000,1.00000,1.00000
test,chunk,test-tk-74,seen,search,tk,0.50000,1.00000,1.00000,0.33333
test,chunk,test-tk-66.1,seen,legal,tk,1.00000,1.00000,1.00000,1.00000
test,chunk,test-zhk-104,seen,legal,zhk,1.00000,1.00000,1.00000,1.00000
test,chunk,test-tk-92,seen,everyday,tk,0.28906,0.00000,1.00000,0.10000
test,chunk,test-zhk-100,seen,everyday,zhk,0.50000,1.00000,1.00000,0.33333
test,chunk,test-zhk-174,seen,search,zhk,1.00000,1.00000,1.00000,1.00000
test,chunk,test-zhk-185,seen,legal,zhk,1.00000,1.00000,1.00000,1.00000
test,chunk,test-zhk-191,seen,legal,zhk,1.00000,1.00000,1.00000,1.00000
test,chunk,test-zhk-193,seen,legal,zhk,1.00000,1.00000,1.00000,1.00000
test,chunk,test-zhk-200,seen,everyday,zhk,0.33333,0.00000,1.00000,0.14286
test,chunk,test-zhk-33,seen,everyday,zhk,1.00000,1.00000,1.00000,1.00000
test,chunk,test-zhk-46,seen,everyday,zhk,0.63093,1.00000,1.00000,0.50000
test,chunk,test-zhk-47.1,seen,everyday,zhk,0.50000,1.00000,1.00000,0.33333
test,chunk,test-zhk-55,seen,everyday,zhk,0.63093,1.00000,1.00000,0.50000
test,chunk,test-zhk-57,seen,everyday,zhk,0.63093,1.00000,1.00000,0.50000
test,chunk,test-zhk-62,seen,search,zhk,0.63093,1.00000,1.00000,0.50000
test,chunk,test-zhk-91.10,seen,everyday,zhk,0.28906,0.00000,1.00000,0.10000
test,chunk,test-zhk-85,seen,everyday,zhk,0.38685,1.00000,1.00000,0.20000
test,chunk,test-zhk-91.14,seen,everyday,zhk,1.00000,1.00000,1.00000,1.00000
test,chunk,test-zhk-91.16,seen,everyday,zhk,0.63093,1.00000,1.00000,0.50000
test,chunk,test-zhk-91.19,seen,everyday,zhk,1.00000,1.00000,1.00000,1.00000
test,chunk,test-zhk-91.20,seen,everyday,zhk,0.28906,0.00000,1.00000,0.10000
test,chunk,test-gk-1019,unseen_articles,legal,gk,1.00000,1.00000,1.00000,1.00000
test,chunk,test-zhk-91.9,seen,everyday,zhk,0.35621,0.00000,1.00000,0.16667
test,chunk,test-gk-1045,unseen_articles,legal,gk,1.00000,1.00000,1.00000,1.00000
test,chunk,test-gk-1048,unseen_articles,legal,gk,0.63093,1.00000,1.00000,0.50000
test,chunk,test-gk-1055,unseen_articles,legal,gk,1.00000,1.00000,1.00000,1.00000
test,chunk,test-gk-1076,unseen_articles,search,gk,1.00000,1.00000,1.00000,1.00000
test,chunk,test-gk-1081,unseen_articles,legal,gk,0.00000,0.00000,0.00000,0.00000
test,chunk,test-gk-1084,unseen_articles,legal,gk,1.00000,1.00000,1.00000,1.00000
test,chunk,test-gk-1059,unseen_articles,everyday,gk,1.00000,1.00000,1.00000,1.00000
test,chunk,test-gk-1101,unseen_articles,everyday,gk,0.50000,1.00000,1.00000,0.33333
test,chunk,test-gk-1129,unseen_articles,legal,gk,1.00000,1.00000,1.00000,1.00000
test,chunk,test-gk-1117,unseen_articles,everyday,gk,1.00000,1.00000,1.00000,1.00000
test,chunk,test-gk-1132,unseen_articles,legal,gk,1.00000,1.00000,1.00000,1.00000
test,chunk,test-gk-1147,unseen_articles,search,gk,1.00000,1.00000,1.00000,1.00000
test,chunk,test-gk-1145,unseen_articles,legal,gk,0.63093,1.00000,1.00000,0.50000
test,chunk,test-gk-1162,unseen_articles,search,gk,1.00000,1.00000,1.00000,1.00000
test,chunk,test-gk-1170,unseen_articles,search,gk,0.50000,1.00000,1.00000,0.33333
test,chunk,test-gk-1175,unseen_articles,search,gk,1.00000,1.00000,1.00000,1.00000
test,chunk,test-gk-1190,unseen_articles,legal,gk,1.00000,1.00000,1.00000,1.00000
test,chunk,test-gk-1216,unseen_articles,legal,gk,1.00000,1.00000,1.00000,1.00000
test,chunk,test-gk-1182,unseen_articles,everyday,gk,1.00000,1.00000,1.00000,1.00000
test,chunk,test-gk-123.4,unseen_articles,search,gk,1.00000,1.00000,1.00000,1.00000
test,chunk,test-gk-1247,unseen_articles,search,gk,1.00000,1.00000,1.00000,1.00000
test,chunk,test-gk-1251,unseen_articles,legal,gk,1.00000,1.00000,1.00000,1.00000
test,chunk,test-gk-1258,unseen_articles,search,gk,1.00000,1.00000,1.00000,1.00000
test,chunk,test-gk-1254,unseen_articles,legal,gk,1.00000,1.00000,1.00000,1.00000
test,chunk,test-gk-1313,unseen_articles,everyday,gk,0.63093,1.00000,1.00000,0.50000
test,chunk,test-gk-1326,unseen_articles,legal,gk,1.00000,1.00000,1.00000,1.00000
test,chunk,test-gk-135,unseen_articles,everyday,gk,0.00000,0.00000,0.00000,0.00000
test,chunk,test-gk-136,unseen_articles,legal,gk,1.00000,1.00000,1.00000,1.00000
test,chunk,test-gk-1354,unseen_articles,everyday,gk,0.31546,0.00000,1.00000,0.12500
test,chunk,test-gk-1368,unseen_articles,search,gk,1.00000,1.00000,1.00000,1.00000
test,chunk,test-gk-1362,unseen_articles,legal,gk,1.00000,1.00000,1.00000,1.00000
test,chunk,test-gk-1376,unseen_articles,everyday,gk,1.00000,1.00000,1.00000,1.00000
test,chunk,test-gk-1386,unseen_articles,everyday,gk,1.00000,1.00000,1.00000,1.00000
test,chunk,test-gk-1415,unseen_articles,search,gk,0.63093,1.00000,1.00000,0.50000
test,chunk,test-gk-1436,unseen_articles,everyday,gk,0.35621,0.00000,1.00000,0.16667
test,chunk,test-gk-1439,unseen_articles,everyday,gk,1.00000,1.00000,1.00000,1.00000
test,chunk,test-gk-144,unseen_articles,legal,gk,1.00000,1.00000,1.00000,1.00000
test,chunk,test-gk-1443,unseen_articles,everyday,gk,0.50000,1.00000,1.00000,0.33333
test,chunk,test-gk-1449,unseen_articles,legal,gk,1.00000,1.00000,1.00000,1.00000
test,chunk,test-gk-1445,unseen_articles,everyday,gk,1.00000,1.00000,1.00000,1.00000
test,chunk,test-gk-1459,unseen_articles,search,gk,1.00000,1.00000,1.00000,1.00000
test,chunk,test-gk-149.4,unseen_articles,legal,gk,0.50000,1.00000,1.00000,0.33333
test,chunk,test-gk-1484,unseen_articles,everyday,gk,0.50000,1.00000,1.00000,0.33333
test,chunk,test-gk-174,unseen_articles,search,gk,1.00000,1.00000,1.00000,1.00000
test,chunk,test-gk-18,unseen_articles,search,gk,0.63093,1.00000,1.00000,0.50000
test,chunk,test-gk-1526,unseen_articles,everyday,gk,0.63093,1.00000,1.00000,0.50000
test,chunk,test-gk-200,unseen_articles,legal,gk,0.63093,1.00000,1.00000,0.50000
test,chunk,test-gk-212,unseen_articles,everyday,gk,1.00000,1.00000,1.00000,1.00000
test,chunk,test-gk-213,unseen_articles,legal,gk,1.00000,1.00000,1.00000,1.00000
test,chunk,test-gk-208,unseen_articles,everyday,gk,0.63093,1.00000,1.00000,0.50000
test,chunk,test-gk-229,unseen_articles,search,gk,1.00000,1.00000,1.00000,1.00000
test,chunk,test-gk-219,unseen_articles,everyday,gk,0.00000,0.00000,0.00000,0.00000
test,chunk,test-gk-245,unseen_articles,legal,gk,1.00000,1.00000,1.00000,1.00000
test,chunk,test-gk-242,unseen_articles,everyday,gk,0.43068,1.00000,1.00000,0.25000
test,chunk,test-gk-248,unseen_articles,search,gk,1.00000,1.00000,1.00000,1.00000
test,chunk,test-gk-31,unseen_articles,search,gk,0.63093,1.00000,1.00000,0.50000
test,chunk,test-gk-310,unseen_articles,search,gk,1.00000,1.00000,1.00000,1.00000
test,chunk,test-gk-281,unseen_articles,everyday,gk,1.00000,1.00000,1.00000,1.00000
test,chunk,test-gk-350.2,unseen_articles,search,gk,1.00000,1.00000,1.00000,1.00000
test,chunk,test-gk-358.10,unseen_articles,search,gk,1.00000,1.00000,1.00000,1.00000
test,chunk,test-gk-370,unseen_articles,search,gk,0.63093,1.00000,1.00000,0.50000
test,chunk,test-gk-419,unseen_articles,search,gk,1.00000,1.00000,1.00000,1.00000
test,chunk,test-gk-408,unseen_articles,everyday,gk,1.00000,1.00000,1.00000,1.00000
test,chunk,test-gk-432,unseen_articles,legal,gk,1.00000,1.00000,1.00000,1.00000
test,chunk,test-gk-466,unseen_articles,legal,gk,1.00000,1.00000,1.00000,1.00000
test,chunk,test-gk-429.1,unseen_articles,everyday,gk,0.00000,0.00000,0.00000,0.00000
test,chunk,test-gk-480,unseen_articles,search,gk,1.00000,1.00000,1.00000,1.00000
test,chunk,test-gk-484,unseen_articles,everyday,gk,0.50000,1.00000,1.00000,0.33333
test,chunk,test-gk-51,unseen_articles,everyday,gk,0.50000,1.00000,1.00000,0.33333
test,chunk,test-gk-524,unseen_articles,search,gk,1.00000,1.00000,1.00000,1.00000
test,chunk,test-gk-507,unseen_articles,everyday,gk,0.00000,0.00000,0.00000,0.00000
test,chunk,test-gk-567,unseen_articles,legal,gk,0.00000,0.00000,0.00000,0.00000
test,chunk,test-gk-552,unseen_articles,everyday,gk,1.00000,1.00000,1.00000,1.00000
test,chunk,test-gk-565,unseen_articles,everyday,gk,1.00000,1.00000,1.00000,1.00000
test,chunk,test-gk-599,unseen_articles,search,gk,1.00000,1.00000,1.00000,1.00000
test,chunk,test-gk-588,unseen_articles,everyday,gk,1.00000,1.00000,1.00000,1.00000
test,chunk,test-gk-61,unseen_articles,search,gk,1.00000,1.00000,1.00000,1.00000
test,chunk,test-gk-627,unseen_articles,search,gk,1.00000,1.00000,1.00000,1.00000
test,chunk,test-gk-60.2,unseen_articles,legal,gk,1.00000,1.00000,1.00000,1.00000
test,chunk,test-gk-644,unseen_articles,everyday,gk,1.00000,1.00000,1.00000,1.00000
test,chunk,test-gk-642,unseen_articles,everyday,gk,1.00000,1.00000,1.00000,1.00000
test,chunk,test-gk-653,unseen_articles,legal,gk,1.00000,1.00000,1.00000,1.00000
test,chunk,test-gk-654,unseen_articles,legal,gk,1.00000,1.00000,1.00000,1.00000
test,chunk,test-gk-675,unseen_articles,search,gk,1.00000,1.00000,1.00000,1.00000
test,chunk,test-gk-66.2,unseen_articles,everyday,gk,1.00000,1.00000,1.00000,1.00000
test,chunk,test-gk-672,unseen_articles,everyday,gk,0.63093,1.00000,1.00000,0.50000
test,chunk,test-gk-724,unseen_articles,search,gk,1.00000,1.00000,1.00000,1.00000
test,chunk,test-gk-712,unseen_articles,everyday,gk,0.38685,1.00000,1.00000,0.20000
test,chunk,test-gk-731,unseen_articles,legal,gk,0.30103,0.00000,1.00000,0.11111
test,chunk,test-gk-737,unseen_articles,legal,gk,0.43068,1.00000,1.00000,0.25000
test,chunk,test-gk-746,unseen_articles,legal,gk,0.63093,1.00000,1.00000,0.50000
test,chunk,test-gk-770,unseen_articles,search,gk,0.00000,0.00000,0.00000,0.00000
test,chunk,test-gk-74,unseen_articles,everyday,gk,0.63093,1.00000,1.00000,0.50000
test,chunk,test-gk-776,unseen_articles,search,gk,1.00000,1.00000,1.00000,1.00000
test,chunk,test-gk-771,unseen_articles,everyday,gk,0.50000,1.00000,1.00000,0.33333
test,chunk,test-gk-841,unseen_articles,search,gk,1.00000,1.00000,1.00000,1.00000
test,chunk,test-gk-804,unseen_articles,everyday,gk,0.50000,1.00000,1.00000,0.33333
test,chunk,test-gk-849,unseen_articles,search,gk,1.00000,1.00000,1.00000,1.00000
test,chunk,test-gk-852,unseen_articles,search,gk,1.00000,1.00000,1.00000,1.00000
test,chunk,test-gk-860.15,unseen_articles,search,gk,1.00000,1.00000,1.00000,1.00000
test,chunk,test-gk-867,unseen_articles,search,gk,1.00000,1.00000,1.00000,1.00000
test,chunk,test-gk-89,unseen_articles,search,gk,1.00000,1.00000,1.00000,1.00000
test,chunk,test-gk-860.8,unseen_articles,legal,gk,0.63093,1.00000,1.00000,0.50000
test,chunk,test-gk-92,unseen_articles,search,gk,1.00000,1.00000,1.00000,1.00000
test,chunk,test-gk-982,unseen_articles,everyday,gk,0.00000,0.00000,0.00000,0.00000
test,chunk,test-koap-1.4,unseen_articles,legal,koap,1.00000,1.00000,1.00000,1.00000
test,chunk,test-gk-991,unseen_articles,everyday,gk,0.00000,0.00000,0.00000,0.00000
test,chunk,test-koap-11.20,unseen_articles,legal,koap,1.00000,1.00000,1.00000,1.00000
test,chunk,test-koap-13.13,unseen_articles,legal,koap,1.00000,1.00000,1.00000,1.00000
test,chunk,test-koap-10.14,unseen_articles,everyday,koap,1.00000,1.00000,1.00000,1.00000
test,chunk,test-koap-13.14.1,unseen_articles,legal,koap,1.00000,1.00000,1.00000,1.00000
test,chunk,test-koap-13.22,unseen_articles,legal,koap,1.00000,1.00000,1.00000,1.00000
test,chunk,test-koap-13.39,unseen_articles,everyday,koap,1.00000,1.00000,1.00000,1.00000
test,chunk,test-koap-13.25,unseen_articles,everyday,koap,1.00000,1.00000,1.00000,1.00000
test,chunk,test-koap-13.49,unseen_articles,legal,koap,0.33333,0.00000,1.00000,0.14286
test,chunk,test-koap-14.15,unseen_articles,search,koap,0.63093,1.00000,1.00000,0.50000
test,chunk,test-koap-14.16,unseen_articles,search,koap,1.00000,1.00000,1.00000,1.00000
test,chunk,test-koap-14.15.3,unseen_articles,legal,koap,1.00000,1.00000,1.00000,1.00000
test,chunk,test-koap-14.35,unseen_articles,search,koap,0.00000,0.00000,0.00000,0.00000
test,chunk,test-koap-14.46.1,unseen_articles,search,koap,1.00000,1.00000,1.00000,1.00000
test,chunk,test-koap-14.27,unseen_articles,everyday,koap,1.00000,1.00000,1.00000,1.00000
test,chunk,test-koap-14.57,unseen_articles,everyday,koap,0.63093,1.00000,1.00000,0.50000
test,chunk,test-koap-14.64,unseen_articles,legal,koap,1.00000,1.00000,1.00000,1.00000
test,chunk,test-koap-15.23.1,unseen_articles,search,koap,1.00000,1.00000,1.00000,1.00000
test,chunk,test-koap-15.35,unseen_articles,legal,koap,1.00000,1.00000,1.00000,1.00000
test,chunk,test-koap-15.26,unseen_articles,everyday,koap,1.00000,1.00000,1.00000,1.00000
test,chunk,test-koap-15.30,unseen_articles,everyday,koap,0.00000,0.00000,0.00000,0.00000
test,chunk,test-koap-17.3,unseen_articles,search,koap,1.00000,1.00000,1.00000,1.00000
test,chunk,test-koap-17.17,unseen_articles,legal,koap,1.00000,1.00000,1.00000,1.00000
test,chunk,test-koap-18.2,unseen_articles,legal,koap,1.00000,1.00000,1.00000,1.00000
test,chunk,test-koap-17.2,unseen_articles,everyday,koap,1.00000,1.00000,1.00000,1.00000
test,chunk,test-koap-18.16,unseen_articles,everyday,koap,1.00000,1.00000,1.00000,1.00000
test,chunk,test-koap-19.4.1,unseen_articles,search,koap,0.35621,0.00000,1.00000,0.16667
test,chunk,test-koap-19.22,unseen_articles,everyday,koap,0.63093,1.00000,1.00000,0.50000
test,chunk,test-koap-19.7,unseen_articles,legal,koap,1.00000,1.00000,1.00000,1.00000
test,chunk,test-koap-19.7.8,unseen_articles,search,koap,1.00000,1.00000,1.00000,1.00000
test,chunk,test-koap-2.9.1,unseen_articles,legal,koap,1.00000,1.00000,1.00000,1.00000
test,chunk,test-koap-2.8,unseen_articles,everyday,koap,0.00000,0.00000,0.00000,0.00000
test,chunk,test-koap-2.1,unseen_articles,everyday,koap,0.00000,0.00000,0.00000,0.00000
test,chunk,test-koap-20.33,unseen_articles,search,koap,0.63093,1.00000,1.00000,0.50000
test,chunk,test-koap-20.30,unseen_articles,legal,koap,1.00000,1.00000,1.00000,1.00000
test,chunk,test-koap-20.34,unseen_articles,legal,koap,1.00000,1.00000,1.00000,1.00000
test,chunk,test-koap-23.56,unseen_articles,legal,koap,1.00000,1.00000,1.00000,1.00000
test,chunk,test-koap-23.14,unseen_articles,legal,koap,0.63093,1.00000,1.00000,0.50000
test,chunk,test-koap-25.5.1,unseen_articles,search,koap,1.00000,1.00000,1.00000,1.00000
test,chunk,test-koap-27.11,unseen_articles,search,koap,1.00000,1.00000,1.00000,1.00000
test,chunk,test-koap-24.8,unseen_articles,everyday,koap,1.00000,1.00000,1.00000,1.00000
test,chunk,test-koap-28.8,unseen_articles,legal,koap,1.00000,1.00000,1.00000,1.00000
test,chunk,test-koap-30.1,unseen_articles,everyday,koap,1.00000,1.00000,1.00000,1.00000
test,chunk,test-koap-30.10,unseen_articles,everyday,koap,0.38685,1.00000,1.00000,0.20000
test,chunk,test-koap-32.14,unseen_articles,legal,koap,0.35621,0.00000,1.00000,0.16667
test,chunk,test-koap-5.12,unseen_articles,search,koap,0.50000,1.00000,1.00000,0.33333
test,chunk,test-koap-30.4,unseen_articles,everyday,koap,1.00000,1.00000,1.00000,1.00000
test,chunk,test-koap-5.15,unseen_articles,search,koap,1.00000,1.00000,1.00000,1.00000
test,chunk,test-koap-5.3,unseen_articles,search,koap,1.00000,1.00000,1.00000,1.00000
test,chunk,test-koap-5.24,unseen_articles,legal,koap,1.00000,1.00000,1.00000,1.00000
test,chunk,test-koap-5.50,unseen_articles,search,koap,0.63093,1.00000,1.00000,0.50000
test,chunk,test-koap-5.54,unseen_articles,search,koap,0.00000,0.00000,0.00000,0.00000
test,chunk,test-koap-5.53,unseen_articles,legal,koap,1.00000,1.00000,1.00000,1.00000
test,chunk,test-koap-6.4,unseen_articles,search,koap,1.00000,1.00000,1.00000,1.00000
test,chunk,test-koap-6.16,unseen_articles,everyday,koap,0.00000,0.00000,0.00000,0.00000
test,chunk,test-koap-6.22,unseen_articles,everyday,koap,1.00000,1.00000,1.00000,1.00000
test,chunk,test-koap-7.27.1,unseen_articles,search,koap,1.00000,1.00000,1.00000,1.00000
test,chunk,test-koap-7.7,unseen_articles,legal,koap,1.00000,1.00000,1.00000,1.00000
test,chunk,test-koap-8.18,unseen_articles,search,koap,0.63093,1.00000,1.00000,0.50000
test,chunk,test-koap-8.25,unseen_articles,everyday,koap,0.63093,1.00000,1.00000,0.50000
test,chunk,test-koap-8.23,unseen_articles,everyday,koap,1.00000,1.00000,1.00000,1.00000
test,chunk,test-koap-8.28.1,unseen_articles,everyday,koap,1.00000,1.00000,1.00000,1.00000
test,chunk,test-koap-8.54,unseen_articles,legal,koap,0.63093,1.00000,1.00000,0.50000
test,chunk,test-koap-9.16,unseen_articles,legal,koap,1.00000,1.00000,1.00000,1.00000
test,chunk,test-tk-150,unseen_articles,search,tk,1.00000,1.00000,1.00000,1.00000
test,chunk,test-koap-9.22,unseen_articles,legal,koap,1.00000,1.00000,1.00000,1.00000
test,chunk,test-tk-16,unseen_articles,legal,tk,1.00000,1.00000,1.00000,1.00000
test,chunk,test-tk-160,unseen_articles,search,tk,1.00000,1.00000,1.00000,1.00000
test,chunk,test-tk-171,unseen_articles,search,tk,0.50000,1.00000,1.00000,0.33333
test,chunk,test-tk-165,unseen_articles,legal,tk,1.00000,1.00000,1.00000,1.00000
test,chunk,test-tk-164,unseen_articles,everyday,tk,1.00000,1.00000,1.00000,1.00000
test,chunk,test-tk-19,unseen_articles,legal,tk,1.00000,1.00000,1.00000,1.00000
test,chunk,test-tk-191,unseen_articles,legal,tk,1.00000,1.00000,1.00000,1.00000
test,chunk,test-tk-186.1,unseen_articles,everyday,tk,1.00000,1.00000,1.00000,1.00000
test,chunk,test-tk-197,unseen_articles,legal,tk,0.63093,1.00000,1.00000,0.50000
test,chunk,test-tk-20,unseen_articles,legal,tk,1.00000,1.00000,1.00000,1.00000
test,chunk,test-tk-210,unseen_articles,legal,tk,0.50000,1.00000,1.00000,0.33333
test,chunk,test-tk-21,unseen_articles,everyday,tk,0.31546,0.00000,1.00000,0.12500
test,chunk,test-tk-211.1,unseen_articles,everyday,tk,1.00000,1.00000,1.00000,1.00000
test,chunk,test-tk-221,unseen_articles,everyday,tk,1.00000,1.00000,1.00000,1.00000
test,chunk,test-tk-223,unseen_articles,legal,tk,1.00000,1.00000,1.00000,1.00000
test,chunk,test-tk-262,unseen_articles,search,tk,1.00000,1.00000,1.00000,1.00000
test,chunk,test-tk-267,unseen_articles,legal,tk,1.00000,1.00000,1.00000,1.00000
test,chunk,test-tk-245,unseen_articles,everyday,tk,1.00000,1.00000,1.00000,1.00000
test,chunk,test-tk-309.1,unseen_articles,search,tk,0.63093,1.00000,1.00000,0.50000
test,chunk,test-tk-310,unseen_articles,legal,tk,1.00000,1.00000,1.00000,1.00000
test,chunk,test-tk-29,unseen_articles,everyday,tk,1.00000,1.00000,1.00000,1.00000
test,chunk,test-tk-329,unseen_articles,search,tk,1.00000,1.00000,1.00000,1.00000
test,chunk,test-tk-327.6,unseen_articles,everyday,tk,0.43068,1.00000,1.00000,0.25000
test,chunk,test-tk-33,unseen_articles,legal,tk,1.00000,1.00000,1.00000,1.00000
test,chunk,test-tk-348.2,unseen_articles,search,tk,1.00000,1.00000,1.00000,1.00000
test,chunk,test-tk-334,unseen_articles,legal,tk,1.00000,1.00000,1.00000,1.00000
test,chunk,test-tk-80,unseen_articles,search,tk,1.00000,1.00000,1.00000,1.00000
test,chunk,test-tk-351.4,unseen_articles,everyday,tk,1.00000,1.00000,1.00000,1.00000
test,chunk,test-tk-41,unseen_articles,everyday,tk,0.63093,1.00000,1.00000,0.50000
test,chunk,test-zhk-1,unseen_articles,search,zhk,1.00000,1.00000,1.00000,1.00000
test,chunk,test-tk-86,unseen_articles,everyday,tk,0.63093,1.00000,1.00000,0.50000
test,chunk,test-zhk-109,unseen_articles,everyday,zhk,0.31546,0.00000,1.00000,0.12500
test,chunk,test-zhk-11,unseen_articles,everyday,zhk,0.50000,1.00000,1.00000,0.33333
test,chunk,test-zhk-155,unseen_articles,search,zhk,1.00000,1.00000,1.00000,1.00000
test,chunk,test-zhk-142,unseen_articles,legal,zhk,1.00000,1.00000,1.00000,1.00000
test,chunk,test-zhk-143,unseen_articles,legal,zhk,1.00000,1.00000,1.00000,1.00000
test,chunk,test-zhk-156.1,unseen_articles,search,zhk,1.00000,1.00000,1.00000,1.00000
test,chunk,test-zhk-167,unseen_articles,search,zhk,1.00000,1.00000,1.00000,1.00000
test,chunk,test-zhk-157,unseen_articles,legal,zhk,1.00000,1.00000,1.00000,1.00000
test,chunk,test-zhk-43,unseen_articles,search,zhk,1.00000,1.00000,1.00000,1.00000
test,chunk,test-zhk-49,unseen_articles,search,zhk,1.00000,1.00000,1.00000,1.00000
test,chunk,test-zhk-60,unseen_articles,search,zhk,0.35621,0.00000,1.00000,0.16667
test,chunk,test-zhk-68,unseen_articles,search,zhk,1.00000,1.00000,1.00000,1.00000
test,chunk,test-zhk-91.15,unseen_articles,legal,zhk,1.00000,1.00000,1.00000,1.00000
test,chunk,test-sk-1,unseen_codes,legal,sk,1.00000,1.00000,1.00000,1.00000
test,chunk,test-sk-10,unseen_codes,search,sk,1.00000,1.00000,1.00000,1.00000
test,chunk,test-zhk-92,unseen_articles,everyday,zhk,1.00000,1.00000,1.00000,1.00000
test,chunk,test-sk-102,unseen_codes,legal,sk,1.00000,1.00000,1.00000,1.00000
test,chunk,test-sk-100,unseen_codes,legal,sk,1.00000,1.00000,1.00000,1.00000
test,chunk,test-sk-101,unseen_codes,everyday,sk,1.00000,1.00000,1.00000,1.00000
test,chunk,test-sk-103,unseen_codes,search,sk,0.43068,1.00000,1.00000,0.25000
test,chunk,test-sk-104,unseen_codes,everyday,sk,0.43068,1.00000,1.00000,0.25000
test,chunk,test-sk-106,unseen_codes,legal,sk,0.63093,1.00000,1.00000,0.50000
test,chunk,test-sk-105,unseen_codes,everyday,sk,0.43068,1.00000,1.00000,0.25000
test,chunk,test-sk-108,unseen_codes,search,sk,1.00000,1.00000,1.00000,1.00000
test,chunk,test-sk-109,unseen_codes,search,sk,1.00000,1.00000,1.00000,1.00000
test,chunk,test-sk-110,unseen_codes,search,sk,1.00000,1.00000,1.00000,1.00000
test,chunk,test-sk-11,unseen_codes,legal,sk,1.00000,1.00000,1.00000,1.00000
test,chunk,test-sk-107,unseen_codes,everyday,sk,0.63093,1.00000,1.00000,0.50000
test,chunk,test-sk-111,unseen_codes,search,sk,1.00000,1.00000,1.00000,1.00000
test,chunk,test-sk-113,unseen_codes,legal,sk,1.00000,1.00000,1.00000,1.00000
test,chunk,test-sk-112,unseen_codes,everyday,sk,1.00000,1.00000,1.00000,1.00000
test,chunk,test-sk-115,unseen_codes,search,sk,1.00000,1.00000,1.00000,1.00000
test,chunk,test-sk-114,unseen_codes,everyday,sk,0.63093,1.00000,1.00000,0.50000
test,chunk,test-sk-116,unseen_codes,legal,sk,1.00000,1.00000,1.00000,1.00000
test,chunk,test-sk-117,unseen_codes,legal,sk,1.00000,1.00000,1.00000,1.00000
test,chunk,test-sk-118,unseen_codes,legal,sk,1.00000,1.00000,1.00000,1.00000
test,chunk,test-sk-119,unseen_codes,legal,sk,1.00000,1.00000,1.00000,1.00000
test,chunk,test-sk-121,unseen_codes,search,sk,1.00000,1.00000,1.00000,1.00000
test,chunk,test-sk-12,unseen_codes,everyday,sk,0.63093,1.00000,1.00000,0.50000
test,chunk,test-sk-120,unseen_codes,everyday,sk,0.63093,1.00000,1.00000,0.50000
test,chunk,test-sk-122,unseen_codes,search,sk,1.00000,1.00000,1.00000,1.00000
test,chunk,test-sk-123,unseen_codes,everyday,sk,1.00000,1.00000,1.00000,1.00000
test,chunk,test-sk-125,unseen_codes,legal,sk,1.00000,1.00000,1.00000,1.00000
test,chunk,test-sk-126,unseen_codes,search,sk,0.50000,1.00000,1.00000,0.33333
test,chunk,test-sk-124,unseen_codes,everyday,sk,1.00000,1.00000,1.00000,1.00000
test,chunk,test-sk-126.1,unseen_codes,search,sk,1.00000,1.00000,1.00000,1.00000
test,chunk,test-sk-127,unseen_codes,search,sk,1.00000,1.00000,1.00000,1.00000
test,chunk,test-sk-13,unseen_codes,search,sk,1.00000,1.00000,1.00000,1.00000
test,chunk,test-sk-129,unseen_codes,everyday,sk,1.00000,1.00000,1.00000,1.00000
test,chunk,test-sk-128,unseen_codes,everyday,sk,1.00000,1.00000,1.00000,1.00000
test,chunk,test-sk-130,unseen_codes,search,sk,1.00000,1.00000,1.00000,1.00000
test,chunk,test-sk-131,unseen_codes,legal,sk,1.00000,1.00000,1.00000,1.00000
test,chunk,test-sk-132,unseen_codes,legal,sk,1.00000,1.00000,1.00000,1.00000
test,chunk,test-sk-133,unseen_codes,everyday,sk,1.00000,1.00000,1.00000,1.00000
test,chunk,test-sk-135,unseen_codes,legal,sk,1.00000,1.00000,1.00000,1.00000
test,chunk,test-sk-134,unseen_codes,everyday,sk,1.00000,1.00000,1.00000,1.00000
test,chunk,test-sk-136,unseen_codes,everyday,sk,1.00000,1.00000,1.00000,1.00000
test,chunk,test-sk-137,unseen_codes,legal,sk,1.00000,1.00000,1.00000,1.00000
test,chunk,test-sk-138,unseen_codes,legal,sk,1.00000,1.00000,1.00000,1.00000
test,chunk,test-sk-139,unseen_codes,legal,sk,1.00000,1.00000,1.00000,1.00000
test,chunk,test-sk-14,unseen_codes,legal,sk,1.00000,1.00000,1.00000,1.00000
test,chunk,test-sk-140,unseen_codes,legal,sk,1.00000,1.00000,1.00000,1.00000
test,chunk,test-sk-142,unseen_codes,legal,sk,1.00000,1.00000,1.00000,1.00000
test,chunk,test-sk-141,unseen_codes,everyday,sk,1.00000,1.00000,1.00000,1.00000
test,chunk,test-sk-143,unseen_codes,legal,sk,1.00000,1.00000,1.00000,1.00000
test,chunk,test-sk-145,unseen_codes,everyday,sk,1.00000,1.00000,1.00000,1.00000
test,chunk,test-sk-144,unseen_codes,everyday,sk,1.00000,1.00000,1.00000,1.00000
test,chunk,test-sk-146,unseen_codes,everyday,sk,0.63093,1.00000,1.00000,0.50000
test,chunk,test-sk-148.1,unseen_codes,legal,sk,1.00000,1.00000,1.00000,1.00000
test,chunk,test-sk-148,unseen_codes,everyday,sk,1.00000,1.00000,1.00000,1.00000
test,chunk,test-sk-15,unseen_codes,legal,sk,1.00000,1.00000,1.00000,1.00000
test,chunk,test-sk-152,unseen_codes,everyday,sk,0.00000,0.00000,0.00000,0.00000
test,chunk,test-sk-153,unseen_codes,legal,sk,1.00000,1.00000,1.00000,1.00000
test,chunk,test-sk-155.1,unseen_codes,search,sk,0.63093,1.00000,1.00000,0.50000
test,chunk,test-sk-153.1,unseen_codes,legal,sk,1.00000,1.00000,1.00000,1.00000
test,chunk,test-sk-153.2,unseen_codes,search,sk,1.00000,1.00000,1.00000,1.00000
test,chunk,test-sk-155.2,unseen_codes,legal,sk,1.00000,1.00000,1.00000,1.00000
test,chunk,test-sk-156,unseen_codes,legal,sk,1.00000,1.00000,1.00000,1.00000
test,chunk,test-sk-155.3,unseen_codes,everyday,sk,0.00000,0.00000,0.00000,0.00000
test,chunk,test-sk-157,unseen_codes,search,sk,1.00000,1.00000,1.00000,1.00000
test,chunk,test-sk-158,unseen_codes,everyday,sk,1.00000,1.00000,1.00000,1.00000
test,chunk,test-sk-16,unseen_codes,search,sk,1.00000,1.00000,1.00000,1.00000
test,chunk,test-sk-159,unseen_codes,legal,sk,1.00000,1.00000,1.00000,1.00000
test,chunk,test-sk-160,unseen_codes,legal,sk,1.00000,1.00000,1.00000,1.00000
test,chunk,test-sk-162,unseen_codes,search,sk,0.38685,1.00000,1.00000,0.20000
test,chunk,test-sk-161,unseen_codes,everyday,sk,1.00000,1.00000,1.00000,1.00000
test,chunk,test-sk-165,unseen_codes,search,sk,1.00000,1.00000,1.00000,1.00000
test,chunk,test-sk-163,unseen_codes,everyday,sk,0.50000,1.00000,1.00000,0.33333
test,chunk,test-sk-164,unseen_codes,everyday,sk,0.50000,1.00000,1.00000,0.33333
test,chunk,test-sk-167,unseen_codes,search,sk,1.00000,1.00000,1.00000,1.00000
test,chunk,test-sk-168,unseen_codes,legal,sk,1.00000,1.00000,1.00000,1.00000
test,chunk,test-sk-169,unseen_codes,legal,sk,0.63093,1.00000,1.00000,0.50000
test,chunk,test-sk-166,unseen_codes,everyday,sk,0.63093,1.00000,1.00000,0.50000
test,chunk,test-sk-18,unseen_codes,everyday,sk,0.31546,0.00000,1.00000,0.12500
test,chunk,test-sk-170,unseen_codes,everyday,sk,0.00000,0.00000,0.00000,0.00000
test,chunk,test-sk-19,unseen_codes,everyday,sk,1.00000,1.00000,1.00000,1.00000
test,chunk,test-sk-20,unseen_codes,search,sk,0.38685,1.00000,1.00000,0.20000
test,chunk,test-sk-2,unseen_codes,legal,sk,1.00000,1.00000,1.00000,1.00000
test,chunk,test-sk-21,unseen_codes,search,sk,0.38685,1.00000,1.00000,0.20000
test,chunk,test-sk-22,unseen_codes,everyday,sk,0.38685,1.00000,1.00000,0.20000
test,chunk,test-sk-23,unseen_codes,everyday,sk,0.63093,1.00000,1.00000,0.50000
test,chunk,test-sk-24,unseen_codes,everyday,sk,1.00000,1.00000,1.00000,1.00000
test,chunk,test-sk-25,unseen_codes,legal,sk,1.00000,1.00000,1.00000,1.00000
test,chunk,test-sk-28,unseen_codes,search,sk,1.00000,1.00000,1.00000,1.00000
test,chunk,test-sk-26,unseen_codes,everyday,sk,1.00000,1.00000,1.00000,1.00000
test,chunk,test-sk-27,unseen_codes,everyday,sk,0.63093,1.00000,1.00000,0.50000
test,chunk,test-sk-3,unseen_codes,legal,sk,1.00000,1.00000,1.00000,1.00000
test,chunk,test-sk-30,unseen_codes,search,sk,1.00000,1.00000,1.00000,1.00000
test,chunk,test-sk-29,unseen_codes,everyday,sk,0.63093,1.00000,1.00000,0.50000
test,chunk,test-sk-31,unseen_codes,search,sk,1.00000,1.00000,1.00000,1.00000
test,chunk,test-sk-33,unseen_codes,legal,sk,0.63093,1.00000,1.00000,0.50000
test,chunk,test-sk-34,unseen_codes,legal,sk,1.00000,1.00000,1.00000,1.00000
test,chunk,test-sk-32,unseen_codes,everyday,sk,1.00000,1.00000,1.00000,1.00000
test,chunk,test-sk-36,unseen_codes,search,sk,0.63093,1.00000,1.00000,0.50000
test,chunk,test-sk-35,unseen_codes,legal,sk,1.00000,1.00000,1.00000,1.00000
test,chunk,test-sk-37,unseen_codes,legal,sk,0.63093,1.00000,1.00000,0.50000
test,chunk,test-sk-39,unseen_codes,legal,sk,1.00000,1.00000,1.00000,1.00000
test,chunk,test-sk-4,unseen_codes,search,sk,1.00000,1.00000,1.00000,1.00000
test,chunk,test-sk-38,unseen_codes,everyday,sk,1.00000,1.00000,1.00000,1.00000
test,chunk,test-sk-40,unseen_codes,legal,sk,0.63093,1.00000,1.00000,0.50000
test,chunk,test-sk-41,unseen_codes,search,sk,0.50000,1.00000,1.00000,0.33333
test,chunk,test-sk-43,unseen_codes,legal,sk,1.00000,1.00000,1.00000,1.00000
test,chunk,test-sk-44,unseen_codes,legal,sk,1.00000,1.00000,1.00000,1.00000
test,chunk,test-sk-42,unseen_codes,everyday,sk,1.00000,1.00000,1.00000,1.00000
test,chunk,test-sk-46,unseen_codes,search,sk,1.00000,1.00000,1.00000,1.00000
test,chunk,test-sk-48,unseen_codes,search,sk,1.00000,1.00000,1.00000,1.00000
test,chunk,test-sk-45,unseen_codes,everyday,sk,0.63093,1.00000,1.00000,0.50000
test,chunk,test-sk-49,unseen_codes,search,sk,1.00000,1.00000,1.00000,1.00000
test,chunk,test-sk-5,unseen_codes,search,sk,0.00000,0.00000,0.00000,0.00000
test,chunk,test-sk-50,unseen_codes,search,sk,1.00000,1.00000,1.00000,1.00000
test,chunk,test-sk-51,unseen_codes,everyday,sk,0.63093,1.00000,1.00000,0.50000
test,chunk,test-sk-53,unseen_codes,legal,sk,1.00000,1.00000,1.00000,1.00000
test,chunk,test-sk-52,unseen_codes,everyday,sk,1.00000,1.00000,1.00000,1.00000
test,chunk,test-sk-55,unseen_codes,legal,sk,0.50000,1.00000,1.00000,0.33333
test,chunk,test-sk-54,unseen_codes,everyday,sk,0.63093,1.00000,1.00000,0.50000
test,chunk,test-sk-56,unseen_codes,everyday,sk,1.00000,1.00000,1.00000,1.00000
test,chunk,test-sk-57,unseen_codes,legal,sk,1.00000,1.00000,1.00000,1.00000
test,chunk,test-sk-59,unseen_codes,search,sk,1.00000,1.00000,1.00000,1.00000
test,chunk,test-sk-58,unseen_codes,everyday,sk,1.00000,1.00000,1.00000,1.00000
test,chunk,test-sk-60,unseen_codes,legal,sk,1.00000,1.00000,1.00000,1.00000
test,chunk,test-sk-61,unseen_codes,search,sk,0.38685,1.00000,1.00000,0.20000
test,chunk,test-sk-62,unseen_codes,legal,sk,1.00000,1.00000,1.00000,1.00000
test,chunk,test-sk-63,unseen_codes,legal,sk,1.00000,1.00000,1.00000,1.00000
test,chunk,test-sk-6,unseen_codes,everyday,sk,0.63093,1.00000,1.00000,0.50000
test,chunk,test-sk-65,unseen_codes,search,sk,0.50000,1.00000,1.00000,0.33333
test,chunk,test-sk-64,unseen_codes,search,sk,1.00000,1.00000,1.00000,1.00000
test,chunk,test-sk-66,unseen_codes,legal,sk,0.63093,1.00000,1.00000,0.50000
test,chunk,test-sk-67,unseen_codes,legal,sk,1.00000,1.00000,1.00000,1.00000
test,chunk,test-sk-68,unseen_codes,everyday,sk,1.00000,1.00000,1.00000,1.00000
test,chunk,test-sk-69,unseen_codes,everyday,sk,0.50000,1.00000,1.00000,0.33333
test,chunk,test-sk-71,unseen_codes,search,sk,1.00000,1.00000,1.00000,1.00000
test,chunk,test-sk-7,unseen_codes,everyday,sk,0.00000,0.00000,0.00000,0.00000
test,chunk,test-sk-70,unseen_codes,everyday,sk,1.00000,1.00000,1.00000,1.00000
test,chunk,test-sk-73,unseen_codes,search,sk,1.00000,1.00000,1.00000,1.00000
test,chunk,test-sk-72,unseen_codes,everyday,sk,1.00000,1.00000,1.00000,1.00000
test,chunk,test-sk-74,unseen_codes,legal,sk,1.00000,1.00000,1.00000,1.00000
test,chunk,test-sk-75,unseen_codes,legal,sk,1.00000,1.00000,1.00000,1.00000
test,chunk,test-sk-76,unseen_codes,search,sk,1.00000,1.00000,1.00000,1.00000
test,chunk,test-sk-78,unseen_codes,legal,sk,1.00000,1.00000,1.00000,1.00000
test,chunk,test-sk-77,unseen_codes,everyday,sk,1.00000,1.00000,1.00000,1.00000
test,chunk,test-sk-79,unseen_codes,legal,sk,1.00000,1.00000,1.00000,1.00000
test,chunk,test-sk-8,unseen_codes,legal,sk,1.00000,1.00000,1.00000,1.00000
test,chunk,test-sk-81,unseen_codes,search,sk,1.00000,1.00000,1.00000,1.00000
test,chunk,test-sk-80,unseen_codes,everyday,sk,0.50000,1.00000,1.00000,0.33333
test,chunk,test-sk-82,unseen_codes,search,sk,1.00000,1.00000,1.00000,1.00000
test,chunk,test-sk-84,unseen_codes,search,sk,0.63093,1.00000,1.00000,0.50000
test,chunk,test-sk-83,unseen_codes,legal,sk,1.00000,1.00000,1.00000,1.00000
test,chunk,test-sk-85,unseen_codes,legal,sk,1.00000,1.00000,1.00000,1.00000
test,chunk,test-sk-86,unseen_codes,search,sk,1.00000,1.00000,1.00000,1.00000
test,chunk,test-sk-88,unseen_codes,search,sk,0.63093,1.00000,1.00000,0.50000
test,chunk,test-sk-87,unseen_codes,everyday,sk,0.43068,1.00000,1.00000,0.25000
test,chunk,test-sk-89,unseen_codes,legal,sk,1.00000,1.00000,1.00000,1.00000
test,chunk,test-sk-9,unseen_codes,search,sk,1.00000,1.00000,1.00000,1.00000
test,chunk,test-sk-90,unseen_codes,everyday,sk,1.00000,1.00000,1.00000,1.00000
test,chunk,test-sk-92,unseen_codes,everyday,sk,0.50000,1.00000,1.00000,0.33333
test,chunk,test-sk-94,unseen_codes,search,sk,1.00000,1.00000,1.00000,1.00000
test,chunk,test-sk-93,unseen_codes,legal,sk,1.00000,1.00000,1.00000,1.00000
test,chunk,test-sk-96,unseen_codes,search,sk,1.00000,1.00000,1.00000,1.00000
test,chunk,test-sk-97,unseen_codes,search,sk,1.00000,1.00000,1.00000,1.00000
test,chunk,test-sk-95,unseen_codes,legal,sk,1.00000,1.00000,1.00000,1.00000
test,chunk,test-sk-98,unseen_codes,search,sk,1.00000,1.00000,1.00000,1.00000
test,chunk,test-sk-99,unseen_codes,search,sk,1.00000,1.00000,1.00000,1.00000
test,chunk,test-zozpp-1,unseen_codes,legal,zozpp,0.00000,0.00000,0.00000,0.00000
test,chunk,test-zozpp-11,unseen_codes,search,zozpp,1.00000,1.00000,1.00000,1.00000
test,chunk,test-zozpp-10,unseen_codes,everyday,zozpp,0.63093,1.00000,1.00000,0.50000
test,chunk,test-zozpp-10.1,unseen_codes,everyday,zozpp,1.00000,1.00000,1.00000,1.00000
test,chunk,test-zozpp-13,unseen_codes,search,zozpp,0.63093,1.00000,1.00000,0.50000
test,chunk,test-zozpp-12,unseen_codes,legal,zozpp,1.00000,1.00000,1.00000,1.00000
test,chunk,test-zozpp-14,unseen_codes,everyday,zozpp,0.33333,0.00000,1.00000,0.14286
test,chunk,test-zozpp-15,unseen_codes,legal,zozpp,1.00000,1.00000,1.00000,1.00000
test,chunk,test-zozpp-16,unseen_codes,search,zozpp,1.00000,1.00000,1.00000,1.00000
test,chunk,test-zozpp-16.1,unseen_codes,search,zozpp,0.63093,1.00000,1.00000,0.50000
test,chunk,test-zozpp-17,unseen_codes,search,zozpp,1.00000,1.00000,1.00000,1.00000
test,chunk,test-zozpp-18,unseen_codes,search,zozpp,1.00000,1.00000,1.00000,1.00000
test,chunk,test-zozpp-2,unseen_codes,search,zozpp,0.30103,0.00000,1.00000,0.11111
test,chunk,test-zozpp-19,unseen_codes,legal,zozpp,1.00000,1.00000,1.00000,1.00000
test,chunk,test-zozpp-21,unseen_codes,search,zozpp,1.00000,1.00000,1.00000,1.00000
test,chunk,test-zozpp-22,unseen_codes,search,zozpp,0.63093,1.00000,1.00000,0.50000
test,chunk,test-zozpp-20,unseen_codes,everyday,zozpp,1.00000,1.00000,1.00000,1.00000
test,chunk,test-zozpp-23.1,unseen_codes,search,zozpp,0.63093,1.00000,1.00000,0.50000
test,chunk,test-zozpp-23,unseen_codes,legal,zozpp,0.63093,1.00000,1.00000,0.50000
test,chunk,test-zozpp-24,unseen_codes,everyday,zozpp,1.00000,1.00000,1.00000,1.00000
test,chunk,test-zozpp-25,unseen_codes,everyday,zozpp,0.50000,1.00000,1.00000,0.33333
test,chunk,test-zozpp-26.1,unseen_codes,everyday,zozpp,1.00000,1.00000,1.00000,1.00000
test,chunk,test-zozpp-27,unseen_codes,search,zozpp,1.00000,1.00000,1.00000,1.00000
test,chunk,test-zozpp-28,unseen_codes,search,zozpp,1.00000,1.00000,1.00000,1.00000
test,chunk,test-zozpp-3,unseen_codes,search,zozpp,1.00000,1.00000,1.00000,1.00000
test,chunk,test-zozpp-29,unseen_codes,legal,zozpp,1.00000,1.00000,1.00000,1.00000
test,chunk,test-zozpp-32,unseen_codes,search,zozpp,1.00000,1.00000,1.00000,1.00000
test,chunk,test-zozpp-30,unseen_codes,everyday,zozpp,0.63093,1.00000,1.00000,0.50000
test,chunk,test-zozpp-33,unseen_codes,search,zozpp,1.00000,1.00000,1.00000,1.00000
test,chunk,test-zozpp-31,unseen_codes,everyday,zozpp,0.43068,1.00000,1.00000,0.25000
test,chunk,test-zozpp-35,unseen_codes,search,zozpp,0.63093,1.00000,1.00000,0.50000
test,chunk,test-zozpp-34,unseen_codes,everyday,zozpp,1.00000,1.00000,1.00000,1.00000
test,chunk,test-zozpp-37,unseen_codes,everyday,zozpp,0.63093,1.00000,1.00000,0.50000
test,chunk,test-zozpp-39,unseen_codes,search,zozpp,1.00000,1.00000,1.00000,1.00000
test,chunk,test-zozpp-36,unseen_codes,everyday,zozpp,0.63093,1.00000,1.00000,0.50000
test,chunk,test-zozpp-40,unseen_codes,legal,zozpp,0.00000,0.00000,0.00000,0.00000
test,chunk,test-zozpp-41,unseen_codes,everyday,zozpp,1.00000,1.00000,1.00000,1.00000
test,chunk,test-zozpp-42.1,unseen_codes,search,zozpp,1.00000,1.00000,1.00000,1.00000
test,chunk,test-zozpp-42.3,unseen_codes,legal,zozpp,1.00000,1.00000,1.00000,1.00000
test,chunk,test-zozpp-42.2,unseen_codes,legal,zozpp,1.00000,1.00000,1.00000,1.00000
test,chunk,test-zozpp-43,unseen_codes,everyday,zozpp,0.00000,0.00000,0.00000,0.00000
test,chunk,test-zozpp-45,unseen_codes,search,zozpp,1.00000,1.00000,1.00000,1.00000
test,chunk,test-zozpp-44,unseen_codes,search,zozpp,1.00000,1.00000,1.00000,1.00000
test,chunk,test-zozpp-46,unseen_codes,legal,zozpp,1.00000,1.00000,1.00000,1.00000
test,chunk,test-zozpp-6,unseen_codes,everyday,zozpp,0.38685,1.00000,1.00000,0.20000
test,chunk,test-zozpp-5,unseen_codes,everyday,zozpp,0.00000,0.00000,0.00000,0.00000
test,chunk,test-zozpp-7,unseen_codes,legal,zozpp,1.00000,1.00000,1.00000,1.00000
test,chunk,test-zozpp-9,unseen_codes,search,zozpp,1.00000,1.00000,1.00000,1.00000
test,chunk,test-zozpp-8,unseen_codes,legal,zozpp,0.33333,0.00000,1.00000,0.14286
golden,chunk,test-gk-1017,seen,legal,gk,0.61315,0.50000,0.50000,1.00000
golden,chunk,test-gk-1048,unseen_articles,legal,gk,0.63093,1.00000,1.00000,0.50000
golden,chunk,test-gk-1055,unseen_articles,legal,gk,1.00000,1.00000,1.00000,1.00000
golden,chunk,test-gk-1079,seen,everyday,gk,0.00000,0.00000,0.00000,0.00000
golden,chunk,test-gk-1085,seen,everyday,gk,0.63093,1.00000,1.00000,0.50000
golden,chunk,test-gk-1190,unseen_articles,legal,gk,1.00000,1.00000,1.00000,1.00000
golden,chunk,test-gk-123.20-5,seen,search,gk,0.63093,1.00000,1.00000,0.50000
golden,chunk,test-gk-135,unseen_articles,everyday,gk,0.00000,0.00000,0.00000,0.00000
golden,chunk,test-gk-1357,seen,legal,gk,0.85034,1.00000,1.00000,1.00000
golden,chunk,test-gk-136,unseen_articles,legal,gk,1.00000,1.00000,1.00000,1.00000
golden,chunk,test-gk-1368,unseen_articles,search,gk,1.00000,1.00000,1.00000,1.00000
golden,chunk,test-gk-1369,seen,everyday,gk,0.63093,1.00000,1.00000,0.50000
golden,chunk,test-gk-1386,unseen_articles,everyday,gk,1.00000,1.00000,1.00000,1.00000
golden,chunk,test-gk-1427,seen,legal,gk,1.00000,1.00000,1.00000,1.00000
golden,chunk,test-gk-1439,unseen_articles,everyday,gk,0.91972,1.00000,1.00000,1.00000
golden,chunk,test-gk-1445,unseen_articles,everyday,gk,1.00000,1.00000,1.00000,1.00000
golden,chunk,test-gk-1471,seen,search,gk,0.50000,1.00000,1.00000,0.33333
golden,chunk,test-gk-1483,seen,search,gk,1.00000,1.00000,1.00000,1.00000
golden,chunk,test-gk-1484,unseen_articles,everyday,gk,0.50000,1.00000,1.00000,0.33333
golden,chunk,test-gk-1523,seen,everyday,gk,1.00000,1.00000,1.00000,1.00000
golden,chunk,test-gk-177,seen,search,gk,1.00000,1.00000,1.00000,1.00000
golden,chunk,test-gk-181.3,seen,legal,gk,1.00000,1.00000,1.00000,1.00000
golden,chunk,test-gk-183,seen,legal,gk,1.00000,1.00000,1.00000,1.00000
golden,chunk,test-gk-213,unseen_articles,legal,gk,1.00000,1.00000,1.00000,1.00000
golden,chunk,test-gk-219,unseen_articles,everyday,gk,0.00000,0.00000,0.00000,0.00000
golden,chunk,test-gk-245,unseen_articles,legal,gk,1.00000,1.00000,1.00000,1.00000
golden,chunk,test-gk-31,unseen_articles,search,gk,1.00000,1.00000,1.00000,1.00000
golden,chunk,test-gk-310,unseen_articles,search,gk,0.91972,1.00000,1.00000,1.00000
golden,chunk,test-gk-333,seen,legal,gk,1.00000,1.00000,1.00000,1.00000
golden,chunk,test-gk-356,seen,legal,gk,1.00000,1.00000,1.00000,1.00000
golden,chunk,test-gk-358.10,unseen_articles,search,gk,1.00000,1.00000,1.00000,1.00000
golden,chunk,test-gk-358.14,seen,search,gk,1.00000,1.00000,1.00000,1.00000
golden,chunk,test-gk-358.7,seen,legal,gk,0.79772,0.50000,1.00000,1.00000
golden,chunk,test-gk-45,seen,everyday,gk,1.00000,1.00000,1.00000,1.00000
golden,chunk,test-gk-484,unseen_articles,everyday,gk,0.50000,1.00000,1.00000,0.33333
golden,chunk,test-gk-507,unseen_articles,everyday,gk,0.00000,0.00000,0.00000,0.00000
golden,chunk,test-gk-542,seen,everyday,gk,1.00000,1.00000,1.00000,1.00000
golden,chunk,test-gk-60.2,unseen_articles,legal,gk,1.00000,1.00000,1.00000,1.00000
golden,chunk,test-gk-606,seen,search,gk,0.63093,1.00000,1.00000,0.50000
golden,chunk,test-gk-63,seen,everyday,gk,1.00000,1.00000,1.00000,1.00000
golden,chunk,test-gk-64.2,seen,search,gk,1.00000,1.00000,1.00000,1.00000
golden,chunk,test-gk-644,unseen_articles,everyday,gk,1.00000,1.00000,1.00000,1.00000
golden,chunk,test-gk-65.3,seen,legal,gk,1.00000,1.00000,1.00000,1.00000
golden,chunk,test-gk-724,unseen_articles,search,gk,0.94690,1.00000,1.00000,1.00000
golden,chunk,test-gk-731,unseen_articles,legal,gk,0.79772,0.50000,1.00000,1.00000
golden,chunk,test-gk-745,seen,everyday,gk,0.65082,0.66667,0.66667,1.00000
golden,chunk,test-gk-804,unseen_articles,everyday,gk,0.50000,1.00000,1.00000,0.33333
golden,chunk,test-gk-846,seen,everyday,gk,1.00000,1.00000,1.00000,1.00000
golden,chunk,test-gk-860.13,seen,search,gk,1.00000,1.00000,1.00000,1.00000
golden,chunk,test-gk-860.5,seen,search,gk,1.00000,1.00000,1.00000,1.00000
golden,chunk,test-gk-860.8,unseen_articles,legal,gk,0.63093,1.00000,1.00000,0.50000
golden,chunk,test-gk-864,seen,search,gk,1.00000,1.00000,1.00000,1.00000
golden,chunk,test-gk-867,unseen_articles,search,gk,0.87722,1.00000,1.00000,1.00000
golden,chunk,test-gk-88,seen,search,gk,1.00000,1.00000,1.00000,1.00000
golden,chunk,test-gk-89,unseen_articles,search,gk,0.81753,0.50000,1.00000,1.00000
golden,chunk,test-gk-926.3,seen,legal,gk,1.00000,1.00000,1.00000,1.00000
golden,chunk,test-gk-991,unseen_articles,everyday,gk,0.00000,0.00000,0.00000,0.00000
golden,chunk,test-koap-12.30,seen,legal,koap,1.00000,1.00000,1.00000,1.00000
golden,chunk,test-koap-12.4,seen,search,koap,1.00000,1.00000,1.00000,1.00000
golden,chunk,test-koap-13.13,unseen_articles,legal,koap,1.00000,1.00000,1.00000,1.00000
golden,chunk,test-koap-14.15,unseen_articles,search,koap,0.63093,1.00000,1.00000,0.50000
golden,chunk,test-koap-14.46.1,unseen_articles,search,koap,1.00000,1.00000,1.00000,1.00000
golden,chunk,test-koap-14.56.1,seen,legal,koap,1.00000,1.00000,1.00000,1.00000
golden,chunk,test-koap-14.57,unseen_articles,everyday,koap,0.63093,1.00000,1.00000,0.50000
golden,chunk,test-koap-15.27.3,seen,legal,koap,1.00000,1.00000,1.00000,1.00000
golden,chunk,test-koap-15.30,unseen_articles,everyday,koap,0.00000,0.00000,0.00000,0.00000
golden,chunk,test-koap-17.17,unseen_articles,legal,koap,1.00000,1.00000,1.00000,1.00000
golden,chunk,test-koap-2.1,unseen_articles,everyday,koap,0.00000,0.00000,0.00000,0.00000
golden,chunk,test-koap-20.25,seen,search,koap,1.00000,1.00000,1.00000,1.00000
golden,chunk,test-koap-20.5.1,seen,everyday,koap,1.00000,1.00000,1.00000,1.00000
golden,chunk,test-koap-23.15,seen,legal,koap,0.63093,1.00000,1.00000,0.50000
golden,chunk,test-koap-23.56,unseen_articles,legal,koap,1.00000,1.00000,1.00000,1.00000
golden,chunk,test-koap-27.11,unseen_articles,search,koap,1.00000,1.00000,1.00000,1.00000
golden,chunk,test-koap-27.14,seen,search,koap,1.00000,1.00000,1.00000,1.00000
golden,chunk,test-koap-28.8,unseen_articles,legal,koap,1.00000,1.00000,1.00000,1.00000
golden,chunk,test-koap-29.6,seen,search,koap,1.00000,1.00000,1.00000,1.00000
golden,chunk,test-koap-30.12,seen,everyday,koap,1.00000,1.00000,1.00000,1.00000
golden,chunk,test-koap-30.4,unseen_articles,everyday,koap,1.00000,1.00000,1.00000,1.00000
golden,chunk,test-koap-5.24,unseen_articles,legal,koap,1.00000,1.00000,1.00000,1.00000
golden,chunk,test-koap-5.3,unseen_articles,search,koap,1.00000,1.00000,1.00000,1.00000
golden,chunk,test-koap-5.53,unseen_articles,legal,koap,0.87722,1.00000,1.00000,1.00000
golden,chunk,test-koap-5.63,seen,everyday,koap,0.63093,1.00000,1.00000,0.50000
golden,chunk,test-koap-5.8,seen,search,koap,0.17724,0.00000,0.50000,0.10000
golden,chunk,test-koap-6.32,seen,everyday,koap,1.00000,1.00000,1.00000,1.00000
golden,chunk,test-koap-6.9,seen,legal,koap,0.50000,1.00000,1.00000,0.33333
golden,chunk,test-koap-7.27.1,unseen_articles,search,koap,1.00000,1.00000,1.00000,1.00000
golden,chunk,test-koap-7.35,seen,search,koap,1.00000,1.00000,1.00000,1.00000
golden,chunk,test-koap-7.7,unseen_articles,legal,koap,0.61315,0.50000,0.50000,1.00000
golden,chunk,test-koap-8.28.1,unseen_articles,everyday,koap,1.00000,1.00000,1.00000,1.00000
golden,chunk,test-koap-8.47,seen,search,koap,1.00000,1.00000,1.00000,1.00000
golden,chunk,test-sk-1,unseen_codes,legal,sk,1.00000,1.00000,1.00000,1.00000
golden,chunk,test-sk-10,unseen_codes,search,sk,1.00000,1.00000,1.00000,1.00000
golden,chunk,test-sk-100,unseen_codes,legal,sk,1.00000,1.00000,1.00000,1.00000
golden,chunk,test-sk-103,unseen_codes,search,sk,0.87722,1.00000,1.00000,1.00000
golden,chunk,test-sk-112,unseen_codes,everyday,sk,1.00000,1.00000,1.00000,1.00000
golden,chunk,test-sk-12,unseen_codes,everyday,sk,1.00000,1.00000,1.00000,1.00000
golden,chunk,test-sk-121,unseen_codes,search,sk,1.00000,1.00000,1.00000,1.00000
golden,chunk,test-sk-124,unseen_codes,everyday,sk,1.00000,1.00000,1.00000,1.00000
golden,chunk,test-sk-125,unseen_codes,legal,sk,1.00000,1.00000,1.00000,1.00000
golden,chunk,test-sk-128,unseen_codes,everyday,sk,1.00000,1.00000,1.00000,1.00000
golden,chunk,test-sk-129,unseen_codes,everyday,sk,1.00000,1.00000,1.00000,1.00000
golden,chunk,test-sk-130,unseen_codes,search,sk,1.00000,1.00000,1.00000,1.00000
golden,chunk,test-sk-131,unseen_codes,legal,sk,1.00000,1.00000,1.00000,1.00000
golden,chunk,test-sk-136,unseen_codes,everyday,sk,1.00000,1.00000,1.00000,1.00000
golden,chunk,test-sk-137,unseen_codes,legal,sk,1.00000,1.00000,1.00000,1.00000
golden,chunk,test-sk-139,unseen_codes,legal,sk,1.00000,1.00000,1.00000,1.00000
golden,chunk,test-sk-155.1,unseen_codes,search,sk,0.63093,1.00000,1.00000,0.50000
golden,chunk,test-sk-159,unseen_codes,legal,sk,1.00000,1.00000,1.00000,1.00000
golden,chunk,test-sk-163,unseen_codes,everyday,sk,0.50000,1.00000,1.00000,0.33333
golden,chunk,test-sk-165,unseen_codes,search,sk,0.91972,1.00000,1.00000,1.00000
golden,chunk,test-sk-167,unseen_codes,search,sk,1.00000,1.00000,1.00000,1.00000
golden,chunk,test-sk-168,unseen_codes,legal,sk,1.00000,1.00000,1.00000,1.00000
golden,chunk,test-sk-18,unseen_codes,everyday,sk,0.45749,0.50000,1.00000,0.25000
golden,chunk,test-sk-25,unseen_codes,legal,sk,1.00000,1.00000,1.00000,1.00000
golden,chunk,test-sk-28,unseen_codes,search,sk,1.00000,1.00000,1.00000,1.00000
golden,chunk,test-sk-31,unseen_codes,search,sk,1.00000,1.00000,1.00000,1.00000
golden,chunk,test-sk-33,unseen_codes,legal,sk,0.69343,1.00000,1.00000,0.50000
golden,chunk,test-sk-37,unseen_codes,legal,sk,1.00000,1.00000,1.00000,1.00000
golden,chunk,test-sk-42,unseen_codes,everyday,sk,1.00000,1.00000,1.00000,1.00000
golden,chunk,test-sk-49,unseen_codes,search,sk,1.00000,1.00000,1.00000,1.00000
golden,chunk,test-sk-51,unseen_codes,everyday,sk,1.00000,1.00000,1.00000,1.00000
golden,chunk,test-sk-55,unseen_codes,legal,sk,0.50000,1.00000,1.00000,0.33333
golden,chunk,test-sk-56,unseen_codes,everyday,sk,1.00000,1.00000,1.00000,1.00000
golden,chunk,test-sk-62,unseen_codes,legal,sk,1.00000,1.00000,1.00000,1.00000
golden,chunk,test-sk-66,unseen_codes,legal,sk,0.63093,1.00000,1.00000,0.50000
golden,chunk,test-sk-68,unseen_codes,everyday,sk,1.00000,1.00000,1.00000,1.00000
golden,chunk,test-sk-71,unseen_codes,search,sk,1.00000,1.00000,1.00000,1.00000
golden,chunk,test-sk-72,unseen_codes,everyday,sk,1.00000,1.00000,1.00000,1.00000
golden,chunk,test-sk-77,unseen_codes,everyday,sk,1.00000,1.00000,1.00000,1.00000
golden,chunk,test-sk-81,unseen_codes,search,sk,1.00000,1.00000,1.00000,1.00000
golden,chunk,test-sk-85,unseen_codes,legal,sk,1.00000,1.00000,1.00000,1.00000
golden,chunk,test-sk-90,unseen_codes,everyday,sk,1.00000,1.00000,1.00000,1.00000
golden,chunk,test-sk-93,unseen_codes,legal,sk,1.00000,1.00000,1.00000,1.00000
golden,chunk,test-sk-94,unseen_codes,search,sk,1.00000,1.00000,1.00000,1.00000
golden,chunk,test-sk-95,unseen_codes,legal,sk,1.00000,1.00000,1.00000,1.00000
golden,chunk,test-sk-99,unseen_codes,search,sk,1.00000,1.00000,1.00000,1.00000
golden,chunk,test-tk-131,seen,legal,tk,1.00000,1.00000,1.00000,1.00000
golden,chunk,test-tk-138,seen,everyday,tk,1.00000,1.00000,1.00000,1.00000
golden,chunk,test-tk-171,unseen_articles,search,tk,0.90603,1.00000,1.00000,1.00000
golden,chunk,test-tk-186.1,unseen_articles,everyday,tk,1.00000,1.00000,1.00000,1.00000
golden,chunk,test-tk-19,unseen_articles,legal,tk,0.91972,1.00000,1.00000,1.00000
golden,chunk,test-tk-197,unseen_articles,legal,tk,1.00000,1.00000,1.00000,1.00000
golden,chunk,test-tk-222,seen,everyday,tk,1.00000,1.00000,1.00000,1.00000
golden,chunk,test-tk-229,seen,legal,tk,1.00000,1.00000,1.00000,1.00000
golden,chunk,test-tk-262,unseen_articles,search,tk,1.00000,1.00000,1.00000,1.00000
golden,chunk,test-tk-324,seen,search,tk,1.00000,1.00000,1.00000,1.00000
golden,chunk,test-tk-348.2,unseen_articles,search,tk,1.00000,1.00000,1.00000,1.00000
golden,chunk,test-tk-351.7,seen,legal,tk,1.00000,1.00000,1.00000,1.00000
golden,chunk,test-tk-386,seen,search,tk,1.00000,1.00000,1.00000,1.00000
golden,chunk,test-tk-403,seen,legal,tk,1.00000,1.00000,1.00000,1.00000
golden,chunk,test-tk-41,unseen_articles,everyday,tk,0.63093,1.00000,1.00000,0.50000
golden,chunk,test-tk-415,seen,everyday,tk,0.20438,0.00000,0.50000,0.14286
golden,chunk,test-tk-80,unseen_articles,search,tk,0.79039,0.50000,1.00000,1.00000
golden,chunk,test-zhk-109,unseen_articles,everyday,zhk,0.63093,1.00000,1.00000,0.50000
golden,chunk,test-zhk-143,unseen_articles,legal,zhk,1.00000,1.00000,1.00000,1.00000
golden,chunk,test-zhk-167,unseen_articles,search,zhk,1.00000,1.00000,1.00000,1.00000
golden,chunk,test-zhk-193,seen,legal,zhk,1.00000,1.00000,1.00000,1.00000
golden,chunk,test-zhk-46,seen,everyday,zhk,0.63093,1.00000,1.00000,0.50000
golden,chunk,test-zhk-49,unseen_articles,search,zhk,1.00000,1.00000,1.00000,1.00000
golden,chunk,test-zhk-60,unseen_articles,search,zhk,0.35621,0.00000,1.00000,0.16667
golden,chunk,test-zhk-68,unseen_articles,search,zhk,1.00000,1.00000,1.00000,1.00000
golden,chunk,test-zhk-91.19,seen,everyday,zhk,1.00000,1.00000,1.00000,1.00000
golden,chunk,test-zozpp-10,unseen_codes,everyday,zozpp,1.00000,1.00000,1.00000,1.00000
golden,chunk,test-zozpp-13,unseen_codes,search,zozpp,0.63093,1.00000,1.00000,0.50000
golden,chunk,test-zozpp-17,unseen_codes,search,zozpp,1.00000,1.00000,1.00000,1.00000
golden,chunk,test-zozpp-21,unseen_codes,search,zozpp,1.00000,1.00000,1.00000,1.00000
golden,chunk,test-zozpp-3,unseen_codes,search,zozpp,1.00000,1.00000,1.00000,1.00000
golden,chunk,test-zozpp-30,unseen_codes,everyday,zozpp,1.00000,1.00000,1.00000,1.00000
golden,chunk,test-zozpp-34,unseen_codes,everyday,zozpp,0.91972,1.00000,1.00000,1.00000
golden,chunk,test-zozpp-35,unseen_codes,search,zozpp,0.63093,1.00000,1.00000,0.50000
golden,chunk,test-zozpp-42.2,unseen_codes,legal,zozpp,1.00000,1.00000,1.00000,1.00000
golden,chunk,test-zozpp-46,unseen_codes,legal,zozpp,1.00000,1.00000,1.00000,1.00000
golden,chunk,test-zozpp-7,unseen_codes,legal,zozpp,1.00000,1.00000,1.00000,1.00000
golden,chunk,test-zozpp-9,unseen_codes,search,zozpp,1.00000,1.00000,1.00000,1.00000
external,chunk,ext-1,tk_rf_rag,external,tk,0.63093,1.00000,1.00000,0.50000
external,chunk,ext-2,tk_rf_rag,external,tk,1.00000,1.00000,1.00000,1.00000
external,chunk,ext-3,tk_rf_rag,external,tk,1.00000,1.00000,1.00000,1.00000
external,chunk,ext-4,tk_rf_rag,external,tk,1.00000,1.00000,1.00000,1.00000
external,chunk,ext-5,tk_rf_rag,external,tk,1.00000,1.00000,1.00000,1.00000
external,chunk,ext-6,tk_rf_rag,external,tk,1.00000,1.00000,1.00000,1.00000
external,chunk,ext-7,tk_rf_rag,external,tk,1.00000,1.00000,1.00000,1.00000
external,chunk,ext-8,tk_rf_rag,external,tk,0.50000,1.00000,1.00000,0.33333
external,chunk,ext-9,tk_rf_rag,external,tk,1.00000,1.00000,1.00000,1.00000
external,chunk,ext-10,tk_rf_rag,external,tk,1.00000,1.00000,1.00000,1.00000
external,chunk,ext-11,tk_rf_rag,external,tk,1.00000,1.00000,1.00000,1.00000
external,chunk,ext-12,tk_rf_rag,external,tk,0.63093,1.00000,1.00000,0.50000
external,chunk,ext-13,tk_rf_rag,external,tk,0.50000,1.00000,1.00000,0.33333
external,chunk,ext-14,tk_rf_rag,external,tk,0.63093,1.00000,1.00000,0.50000
external,chunk,ext-15,tk_rf_rag,external,tk,1.00000,1.00000,1.00000,1.00000
external,chunk,ext-16,tk_rf_rag,external,tk,1.00000,1.00000,1.00000,1.00000
external,chunk,ext-17,tk_rf_rag,external,tk,1.00000,1.00000,1.00000,1.00000
external,chunk,ext-18,tk_rf_rag,external,tk,1.00000,1.00000,1.00000,1.00000
external,chunk,ext-19,tk_rf_rag,external,tk,1.00000,1.00000,1.00000,1.00000
external,chunk,ext-20,tk_rf_rag,external,tk,0.43068,1.00000,1.00000,0.25000
external,chunk,ext-21,tk_rf_rag,external,tk,1.00000,1.00000,1.00000,1.00000
external,chunk,ext-22,tk_rf_rag,external,tk,1.00000,1.00000,1.00000,1.00000
external,chunk,ext-23,tk_rf_rag,external,tk,1.00000,1.00000,1.00000,1.00000
external,chunk,ext-24,tk_rf_rag,external,tk,1.00000,1.00000,1.00000,1.00000
external,chunk,ext-25,tk_rf_rag,external,tk,1.00000,1.00000,1.00000,1.00000
tk_hard,chunk,tkhard-tk-2-search,seen,search,tk,1.00000,1.00000,1.00000,1.00000
tk_hard,chunk,tkhard-tk-2-everyday,seen,everyday,tk,0.00000,0.00000,0.00000,0.00000
tk_hard,chunk,tkhard-tk-1-everyday,seen,everyday,tk,0.00000,0.00000,0.00000,0.00000
tk_hard,chunk,tkhard-tk-3-everyday,seen,everyday,tk,0.00000,0.00000,0.00000,0.00000
tk_hard,chunk,tkhard-tk-4-search,seen,search,tk,1.00000,1.00000,1.00000,1.00000
tk_hard,chunk,tkhard-tk-4-everyday,seen,everyday,tk,0.38685,1.00000,1.00000,0.20000
tk_hard,chunk,tkhard-tk-6-search,seen,search,tk,0.63093,1.00000,1.00000,0.50000
tk_hard,chunk,tkhard-tk-8-search,seen,search,tk,1.00000,1.00000,1.00000,1.00000
tk_hard,chunk,tkhard-tk-8-everyday,seen,everyday,tk,0.00000,0.00000,0.00000,0.00000
tk_hard,chunk,tkhard-tk-6-everyday,seen,everyday,tk,0.63093,1.00000,1.00000,0.50000
tk_hard,chunk,tkhard-tk-9-search,seen,search,tk,0.43068,1.00000,1.00000,0.25000
tk_hard,chunk,tkhard-tk-9-everyday,seen,everyday,tk,0.63093,1.00000,1.00000,0.50000
tk_hard,chunk,tkhard-tk-11-search,seen,search,tk,0.33333,0.00000,1.00000,0.14286
tk_hard,chunk,tkhard-tk-10-everyday,seen,everyday,tk,1.00000,1.00000,1.00000,1.00000
tk_hard,chunk,tkhard-tk-12-search,seen,search,tk,0.50000,1.00000,1.00000,0.33333
tk_hard,chunk,tkhard-tk-11-everyday,seen,everyday,tk,0.00000,0.00000,0.00000,0.00000
tk_hard,chunk,tkhard-tk-12-everyday,seen,everyday,tk,0.00000,0.00000,0.00000,0.00000
tk_hard,chunk,tkhard-tk-13-search,seen,search,tk,1.00000,1.00000,1.00000,1.00000
tk_hard,chunk,tkhard-tk-13-everyday,seen,everyday,tk,0.00000,0.00000,0.00000,0.00000
tk_hard,chunk,tkhard-tk-14-search,seen,search,tk,1.00000,1.00000,1.00000,1.00000
tk_hard,chunk,tkhard-tk-14-everyday,seen,everyday,tk,0.28906,0.00000,1.00000,0.10000
tk_hard,chunk,tkhard-tk-16-search,unseen_articles,search,tk,1.00000,1.00000,1.00000,1.00000
tk_hard,chunk,tkhard-tk-16-everyday,unseen_articles,everyday,tk,0.00000,0.00000,0.00000,0.00000
tk_hard,chunk,tkhard-tk-17-everyday,seen,everyday,tk,0.00000,0.00000,0.00000,0.00000
tk_hard,chunk,tkhard-tk-18-search,seen,search,tk,1.00000,1.00000,1.00000,1.00000
tk_hard,chunk,tkhard-tk-18-everyday,seen,everyday,tk,0.35621,0.00000,1.00000,0.16667
tk_hard,chunk,tkhard-tk-19-search,unseen_articles,search,tk,0.50000,1.00000,1.00000,0.33333
tk_hard,chunk,tkhard-tk-19.1-search,seen,search,tk,1.00000,1.00000,1.00000,1.00000
tk_hard,chunk,tkhard-tk-19-everyday,unseen_articles,everyday,tk,0.50000,1.00000,1.00000,0.33333
tk_hard,chunk,tkhard-tk-19.1-everyday,seen,everyday,tk,0.63093,1.00000,1.00000,0.50000
tk_hard,chunk,tkhard-tk-20-search,unseen_articles,search,tk,1.00000,1.00000,1.00000,1.00000
tk_hard,chunk,tkhard-tk-20-everyday,unseen_articles,everyday,tk,0.63093,1.00000,1.00000,0.50000
tk_hard,chunk,tkhard-tk-21-search,unseen_articles,search,tk,0.50000,1.00000,1.00000,0.33333
tk_hard,chunk,tkhard-tk-21-everyday,unseen_articles,everyday,tk,0.43068,1.00000,1.00000,0.25000
tk_hard,chunk,tkhard-tk-22-search,seen,search,tk,1.00000,1.00000,1.00000,1.00000
tk_hard,chunk,tkhard-tk-22-everyday,seen,everyday,tk,0.38685,1.00000,1.00000,0.20000
tk_hard,chunk,tkhard-tk-22.2-search,seen,search,tk,1.00000,1.00000,1.00000,1.00000
tk_hard,chunk,tkhard-tk-22.2-everyday,seen,everyday,tk,1.00000,1.00000,1.00000,1.00000
tk_hard,chunk,tkhard-tk-22.3-search,seen,search,tk,1.00000,1.00000,1.00000,1.00000
tk_hard,chunk,tkhard-tk-22.3-everyday,seen,everyday,tk,0.50000,1.00000,1.00000,0.33333
tk_hard,chunk,tkhard-tk-23-everyday,seen,everyday,tk,0.00000,0.00000,0.00000,0.00000
tk_hard,chunk,tkhard-tk-24-everyday,seen,everyday,tk,0.00000,0.00000,0.00000,0.00000
tk_hard,chunk,tkhard-tk-25-everyday,seen,everyday,tk,0.00000,0.00000,0.00000,0.00000
tk_hard,chunk,tkhard-tk-26-everyday,seen,everyday,tk,0.00000,0.00000,0.00000,0.00000
tk_hard,chunk,tkhard-tk-27-everyday,seen,everyday,tk,0.50000,1.00000,1.00000,0.33333
tk_hard,chunk,tkhard-tk-28-search,seen,search,tk,1.00000,1.00000,1.00000,1.00000
tk_hard,chunk,tkhard-tk-28-everyday,seen,everyday,tk,0.00000,0.00000,0.00000,0.00000
tk_hard,chunk,tkhard-tk-29-search,unseen_articles,search,tk,1.00000,1.00000,1.00000,1.00000
tk_hard,chunk,tkhard-tk-29-everyday,unseen_articles,everyday,tk,1.00000,1.00000,1.00000,1.00000
tk_hard,chunk,tkhard-tk-30-search,seen,search,tk,0.63093,1.00000,1.00000,0.50000
tk_hard,chunk,tkhard-tk-30-everyday,seen,everyday,tk,1.00000,1.00000,1.00000,1.00000
tk_hard,chunk,tkhard-tk-31-search,seen,search,tk,1.00000,1.00000,1.00000,1.00000
tk_hard,chunk,tkhard-tk-31-everyday,seen,everyday,tk,1.00000,1.00000,1.00000,1.00000
tk_hard,chunk,tkhard-tk-32-search,seen,search,tk,1.00000,1.00000,1.00000,1.00000
tk_hard,chunk,tkhard-tk-32-everyday,seen,everyday,tk,1.00000,1.00000,1.00000,1.00000
tk_hard,chunk,tkhard-tk-33-everyday,unseen_articles,everyday,tk,0.43068,1.00000,1.00000,0.25000
tk_hard,chunk,tkhard-tk-34-search,seen,search,tk,1.00000,1.00000,1.00000,1.00000
tk_hard,chunk,tkhard-tk-34-everyday,seen,everyday,tk,0.43068,1.00000,1.00000,0.25000
tk_hard,chunk,tkhard-tk-35-search,seen,search,tk,1.00000,1.00000,1.00000,1.00000
tk_hard,chunk,tkhard-tk-35-everyday,seen,everyday,tk,0.35621,0.00000,1.00000,0.16667
tk_hard,chunk,tkhard-tk-35.1-search,seen,search,tk,0.63093,1.00000,1.00000,0.50000
tk_hard,chunk,tkhard-tk-36-search,seen,search,tk,0.63093,1.00000,1.00000,0.50000
tk_hard,chunk,tkhard-tk-36-everyday,seen,everyday,tk,0.43068,1.00000,1.00000,0.25000
tk_hard,chunk,tkhard-tk-35.1-everyday,seen,everyday,tk,0.00000,0.00000,0.00000,0.00000
tk_hard,chunk,tkhard-tk-37-search,seen,search,tk,1.00000,1.00000,1.00000,1.00000
tk_hard,chunk,tkhard-tk-37-everyday,seen,everyday,tk,1.00000,1.00000,1.00000,1.00000
tk_hard,chunk,tkhard-tk-39-search,seen,search,tk,1.00000,1.00000,1.00000,1.00000
tk_hard,chunk,tkhard-tk-39-everyday,seen,everyday,tk,0.43068,1.00000,1.00000,0.25000
tk_hard,chunk,tkhard-tk-40-everyday,seen,everyday,tk,1.00000,1.00000,1.00000,1.00000
tk_hard,chunk,tkhard-tk-41-search,unseen_articles,search,tk,1.00000,1.00000,1.00000,1.00000
tk_hard,chunk,tkhard-tk-41-everyday,unseen_articles,everyday,tk,0.00000,0.00000,0.00000,0.00000
tk_hard,chunk,tkhard-tk-48-search,seen,search,tk,1.00000,1.00000,1.00000,1.00000
tk_hard,chunk,tkhard-tk-49-search,seen,search,tk,0.50000,1.00000,1.00000,0.33333
tk_hard,chunk,tkhard-tk-49-everyday,seen,everyday,tk,0.43068,1.00000,1.00000,0.25000
tk_hard,chunk,tkhard-tk-48-everyday,seen,everyday,tk,1.00000,1.00000,1.00000,1.00000
tk_hard,chunk,tkhard-tk-51-everyday,seen,everyday,tk,0.63093,1.00000,1.00000,0.50000
tk_hard,chunk,tkhard-tk-52-everyday,seen,everyday,tk,0.00000,0.00000,0.00000,0.00000
tk_hard,chunk,tkhard-tk-50-everyday,seen,everyday,tk,1.00000,1.00000,1.00000,1.00000
tk_hard,chunk,tkhard-tk-53.1-search,seen,search,tk,1.00000,1.00000,1.00000,1.00000
tk_hard,chunk,tkhard-tk-53-everyday,seen,everyday,tk,0.31546,0.00000,1.00000,0.12500
tk_hard,chunk,tkhard-tk-53.1-everyday,seen,everyday,tk,1.00000,1.00000,1.00000,1.00000
tk_hard,chunk,tkhard-tk-54-search,seen,search,tk,0.50000,1.00000,1.00000,0.33333
tk_hard,chunk,tkhard-tk-55-everyday,seen,everyday,tk,0.63093,1.00000,1.00000,0.50000
tk_hard,chunk,tkhard-tk-54-everyday,seen,everyday,tk,0.63093,1.00000,1.00000,0.50000
tk_hard,chunk,tkhard-tk-56.1-search,seen,search,tk,0.31546,0.00000,1.00000,0.12500
tk_hard,chunk,tkhard-tk-56.1-everyday,seen,everyday,tk,0.50000,1.00000,1.00000,0.33333
tk_hard,chunk,tkhard-tk-56-everyday,seen,everyday,tk,0.00000,0.00000,0.00000,0.00000
tk_hard,chunk,tkhard-tk-57-search,seen,search,tk,1.00000,1.00000,1.00000,1.00000
tk_hard,chunk,tkhard-tk-57-everyday,seen,everyday,tk,1.00000,1.00000,1.00000,1.00000
tk_hard,chunk,tkhard-tk-58-everyday,seen,everyday,tk,0.63093,1.00000,1.00000,0.50000
tk_hard,chunk,tkhard-tk-59-everyday,seen,everyday,tk,0.63093,1.00000,1.00000,0.50000
tk_hard,chunk,tkhard-tk-60-search,seen,search,tk,0.63093,1.00000,1.00000,0.50000
tk_hard,chunk,tkhard-tk-60-everyday,seen,everyday,tk,0.00000,0.00000,0.00000,0.00000
tk_hard,chunk,tkhard-tk-60.1-search,seen,search,tk,1.00000,1.00000,1.00000,1.00000
tk_hard,chunk,tkhard-tk-60.1-everyday,seen,everyday,tk,1.00000,1.00000,1.00000,1.00000
tk_hard,chunk,tkhard-tk-62-search,seen,search,tk,1.00000,1.00000,1.00000,1.00000
tk_hard,chunk,tkhard-tk-61-everyday,seen,everyday,tk,1.00000,1.00000,1.00000,1.00000
tk_hard,chunk,tkhard-tk-62-everyday,seen,everyday,tk,0.33333,0.00000,1.00000,0.14286
tk_hard,chunk,tkhard-tk-63-search,seen,search,tk,1.00000,1.00000,1.00000,1.00000
tk_hard,chunk,tkhard-tk-63-everyday,seen,everyday,tk,1.00000,1.00000,1.00000,1.00000
tk_hard,chunk,tkhard-tk-64-search,seen,search,tk,0.50000,1.00000,1.00000,0.33333
tk_hard,chunk,tkhard-tk-64-everyday,seen,everyday,tk,1.00000,1.00000,1.00000,1.00000
tk_hard,chunk,tkhard-tk-64.1-search,seen,search,tk,1.00000,1.00000,1.00000,1.00000
tk_hard,chunk,tkhard-tk-65-everyday,seen,everyday,tk,1.00000,1.00000,1.00000,1.00000
tk_hard,chunk,tkhard-tk-64.1-everyday,seen,everyday,tk,1.00000,1.00000,1.00000,1.00000
tk_hard,chunk,tkhard-tk-65-search,seen,search,tk,0.63093,1.00000,1.00000,0.50000
tk_hard,chunk,tkhard-tk-66-everyday,seen,everyday,tk,1.00000,1.00000,1.00000,1.00000
tk_hard,chunk,tkhard-tk-66.1-everyday,seen,everyday,tk,1.00000,1.00000,1.00000,1.00000
tk_hard,chunk,tkhard-tk-67-everyday,seen,everyday,tk,1.00000,1.00000,1.00000,1.00000
tk_hard,chunk,tkhard-tk-67.1-search,seen,search,tk,1.00000,1.00000,1.00000,1.00000
tk_hard,chunk,tkhard-tk-67.1-everyday,seen,everyday,tk,1.00000,1.00000,1.00000,1.00000
tk_hard,chunk,tkhard-tk-68-search,seen,search,tk,1.00000,1.00000,1.00000,1.00000
tk_hard,chunk,tkhard-tk-68-everyday,seen,everyday,tk,0.43068,1.00000,1.00000,0.25000
tk_hard,chunk,tkhard-tk-69-everyday,seen,everyday,tk,0.50000,1.00000,1.00000,0.33333
tk_hard,chunk,tkhard-tk-70-search,seen,search,tk,0.35621,0.00000,1.00000,0.16667
tk_hard,chunk,tkhard-tk-71-search,seen,search,tk,1.00000,1.00000,1.00000,1.00000
tk_hard,chunk,tkhard-tk-70-everyday,seen,everyday,tk,1.00000,1.00000,1.00000,1.00000
tk_hard,chunk,tkhard-tk-71-everyday,seen,everyday,tk,1.00000,1.00000,1.00000,1.00000
tk_hard,chunk,tkhard-tk-72-search,seen,search,tk,0.63093,1.00000,1.00000,0.50000
tk_hard,chunk,tkhard-tk-72-everyday,seen,everyday,tk,0.35621,0.00000,1.00000,0.16667
tk_hard,chunk,tkhard-tk-72.1-everyday,seen,everyday,tk,1.00000,1.00000,1.00000,1.00000
tk_hard,chunk,tkhard-tk-72.2-everyday,seen,everyday,tk,1.00000,1.00000,1.00000,1.00000
tk_hard,chunk,tkhard-tk-73-everyday,seen,everyday,tk,1.00000,1.00000,1.00000,1.00000
tk_hard,chunk,tkhard-tk-74-search,seen,search,tk,0.63093,1.00000,1.00000,0.50000
tk_hard,chunk,tkhard-tk-75-search,seen,search,tk,1.00000,1.00000,1.00000,1.00000
tk_hard,chunk,tkhard-tk-75-everyday,seen,everyday,tk,1.00000,1.00000,1.00000,1.00000
tk_hard,chunk,tkhard-tk-74-everyday,seen,everyday,tk,1.00000,1.00000,1.00000,1.00000
tk_hard,chunk,tkhard-tk-76-search,seen,search,tk,1.00000,1.00000,1.00000,1.00000
tk_hard,chunk,tkhard-tk-76-everyday,seen,everyday,tk,0.63093,1.00000,1.00000,0.50000
tk_hard,chunk,tkhard-tk-77-everyday,seen,everyday,tk,0.00000,0.00000,0.00000,0.00000
tk_hard,chunk,tkhard-tk-79-search,seen,search,tk,0.00000,0.00000,0.00000,0.00000
tk_hard,chunk,tkhard-tk-80-search,unseen_articles,search,tk,1.00000,1.00000,1.00000,1.00000
tk_hard,chunk,tkhard-tk-79-everyday,seen,everyday,tk,1.00000,1.00000,1.00000,1.00000
tk_hard,chunk,tkhard-tk-80-everyday,unseen_articles,everyday,tk,0.63093,1.00000,1.00000,0.50000
tk_hard,chunk,tkhard-tk-81-search,seen,search,tk,1.00000,1.00000,1.00000,1.00000
tk_hard,chunk,tkhard-tk-82-search,seen,search,tk,1.00000,1.00000,1.00000,1.00000
tk_hard,chunk,tkhard-tk-82-everyday,seen,everyday,tk,0.50000,1.00000,1.00000,0.33333
tk_hard,chunk,tkhard-tk-81-everyday,seen,everyday,tk,1.00000,1.00000,1.00000,1.00000
tk_hard,chunk,tkhard-tk-83-search,seen,search,tk,1.00000,1.00000,1.00000,1.00000
tk_hard,chunk,tkhard-tk-83-everyday,seen,everyday,tk,1.00000,1.00000,1.00000,1.00000
tk_hard,chunk,tkhard-tk-86-search,unseen_articles,search,tk,1.00000,1.00000,1.00000,1.00000
tk_hard,chunk,tkhard-tk-86-everyday,unseen_articles,everyday,tk,1.00000,1.00000,1.00000,1.00000
tk_hard,chunk,tkhard-tk-89-search,seen,search,tk,1.00000,1.00000,1.00000,1.00000
tk_hard,chunk,tkhard-tk-89-everyday,seen,everyday,tk,0.50000,1.00000,1.00000,0.33333
tk_hard,chunk,tkhard-tk-91-search,seen,search,tk,1.00000,1.00000,1.00000,1.00000
tk_hard,chunk,tkhard-tk-91-everyday,seen,everyday,tk,1.00000,1.00000,1.00000,1.00000
tk_hard,chunk,tkhard-tk-90-everyday,seen,everyday,tk,1.00000,1.00000,1.00000,1.00000
tk_hard,chunk,tkhard-tk-92-everyday,seen,everyday,tk,0.35621,0.00000,1.00000,0.16667
tk_hard,chunk,tkhard-tk-93-everyday,seen,everyday,tk,1.00000,1.00000,1.00000,1.00000
tk_hard,chunk,tkhard-tk-93-search,seen,search,tk,1.00000,1.00000,1.00000,1.00000
tk_hard,chunk,tkhard-tk-94-everyday,seen,everyday,tk,1.00000,1.00000,1.00000,1.00000
tk_hard,chunk,tkhard-tk-95-search,seen,search,tk,1.00000,1.00000,1.00000,1.00000
tk_hard,chunk,tkhard-tk-95-everyday,seen,everyday,tk,1.00000,1.00000,1.00000,1.00000
tk_hard,chunk,tkhard-tk-96-search,seen,search,tk,1.00000,1.00000,1.00000,1.00000
tk_hard,chunk,tkhard-tk-96-everyday,seen,everyday,tk,1.00000,1.00000,1.00000,1.00000
tk_hard,chunk,tkhard-tk-97-everyday,seen,everyday,tk,0.35621,0.00000,1.00000,0.16667
tk_hard,chunk,tkhard-tk-99-search,seen,search,tk,1.00000,1.00000,1.00000,1.00000
tk_hard,chunk,tkhard-tk-99-everyday,seen,everyday,tk,1.00000,1.00000,1.00000,1.00000
tk_hard,chunk,tkhard-tk-100-everyday,seen,everyday,tk,0.63093,1.00000,1.00000,0.50000
tk_hard,chunk,tkhard-tk-101-everyday,seen,everyday,tk,0.63093,1.00000,1.00000,0.50000
tk_hard,chunk,tkhard-tk-102-search,seen,search,tk,1.00000,1.00000,1.00000,1.00000
tk_hard,chunk,tkhard-tk-102-everyday,seen,everyday,tk,1.00000,1.00000,1.00000,1.00000
tk_hard,chunk,tkhard-tk-103-search,seen,search,tk,1.00000,1.00000,1.00000,1.00000
tk_hard,chunk,tkhard-tk-103-everyday,seen,everyday,tk,1.00000,1.00000,1.00000,1.00000
tk_hard,chunk,tkhard-tk-107-search,unseen_articles,search,tk,1.00000,1.00000,1.00000,1.00000
tk_hard,chunk,tkhard-tk-107-everyday,unseen_articles,everyday,tk,1.00000,1.00000,1.00000,1.00000
tk_hard,chunk,tkhard-tk-104-everyday,seen,everyday,tk,1.00000,1.00000,1.00000,1.00000
tk_hard,chunk,tkhard-tk-109-everyday,seen,everyday,tk,1.00000,1.00000,1.00000,1.00000
tk_hard,chunk,tkhard-tk-111-everyday,seen,everyday,tk,1.00000,1.00000,1.00000,1.00000
tk_hard,chunk,tkhard-tk-112-search,seen,search,tk,1.00000,1.00000,1.00000,1.00000
tk_hard,chunk,tkhard-tk-112-everyday,seen,everyday,tk,0.43068,1.00000,1.00000,0.25000
tk_hard,chunk,tkhard-tk-113-search,seen,search,tk,0.63093,1.00000,1.00000,0.50000
tk_hard,chunk,tkhard-tk-113-everyday,seen,everyday,tk,1.00000,1.00000,1.00000,1.00000
tk_hard,chunk,tkhard-tk-116-everyday,seen,everyday,tk,0.50000,1.00000,1.00000,0.33333
tk_hard,chunk,tkhard-tk-116-search,seen,search,tk,1.00000,1.00000,1.00000,1.00000
tk_hard,chunk,tkhard-tk-117-everyday,seen,everyday,tk,1.00000,1.00000,1.00000,1.00000
tk_hard,chunk,tkhard-tk-118-search,seen,search,tk,1.00000,1.00000,1.00000,1.00000
tk_hard,chunk,tkhard-tk-118-everyday,seen,everyday,tk,0.28906,0.00000,1.00000,0.10000
tk_hard,chunk,tkhard-tk-119-everyday,seen,everyday,tk,1.00000,1.00000,1.00000,1.00000
tk_hard,chunk,tkhard-tk-120-search,seen,search,tk,1.00000,1.00000,1.00000,1.00000
tk_hard,chunk,tkhard-tk-120-everyday,seen,everyday,tk,1.00000,1.00000,1.00000,1.00000
tk_hard,chunk,tkhard-tk-121-everyday,seen,everyday,tk,1.00000,1.00000,1.00000,1.00000
tk_hard,chunk,tkhard-tk-122-everyday,seen,everyday,tk,0.63093,1.00000,1.00000,0.50000
tk_hard,chunk,tkhard-tk-123-search,seen,search,tk,1.00000,1.00000,1.00000,1.00000
tk_hard,chunk,tkhard-tk-124-search,seen,search,tk,1.00000,1.00000,1.00000,1.00000
tk_hard,chunk,tkhard-tk-124-everyday,seen,everyday,tk,0.50000,1.00000,1.00000,0.33333
tk_hard,chunk,tkhard-tk-123-everyday,seen,everyday,tk,1.00000,1.00000,1.00000,1.00000
tk_hard,chunk,tkhard-tk-125-search,seen,search,tk,1.00000,1.00000,1.00000,1.00000
tk_hard,chunk,tkhard-tk-126-search,seen,search,tk,1.00000,1.00000,1.00000,1.00000
tk_hard,chunk,tkhard-tk-125-everyday,seen,everyday,tk,1.00000,1.00000,1.00000,1.00000
tk_hard,chunk,tkhard-tk-126-everyday,seen,everyday,tk,0.38685,1.00000,1.00000,0.20000
tk_hard,chunk,tkhard-tk-128-everyday,seen,everyday,tk,1.00000,1.00000,1.00000,1.00000
tk_hard,chunk,tkhard-tk-127-everyday,seen,everyday,tk,1.00000,1.00000,1.00000,1.00000
tk_hard,chunk,tkhard-tk-129-search,seen,search,tk,0.43068,1.00000,1.00000,0.25000
tk_hard,chunk,tkhard-tk-129-everyday,seen,everyday,tk,1.00000,1.00000,1.00000,1.00000
tk_hard,chunk,tkhard-tk-131-search,seen,search,tk,1.00000,1.00000,1.00000,1.00000
tk_hard,chunk,tkhard-tk-132-search,seen,search,tk,1.00000,1.00000,1.00000,1.00000
tk_hard,chunk,tkhard-tk-131-everyday,seen,everyday,tk,1.00000,1.00000,1.00000,1.00000
tk_hard,chunk,tkhard-tk-132-everyday,seen,everyday,tk,0.38685,1.00000,1.00000,0.20000
tk_hard,chunk,tkhard-tk-133-search,seen,search,tk,1.00000,1.00000,1.00000,1.00000
tk_hard,chunk,tkhard-tk-133.1-everyday,seen,everyday,tk,1.00000,1.00000,1.00000,1.00000
tk_hard,chunk,tkhard-tk-133-everyday,seen,everyday,tk,0.63093,1.00000,1.00000,0.50000
tk_hard,chunk,tkhard-tk-133.1-search,seen,search,tk,1.00000,1.00000,1.00000,1.00000
tk_hard,chunk,tkhard-tk-135-search,seen,search,tk,0.43068,1.00000,1.00000,0.25000
tk_hard,chunk,tkhard-tk-135-everyday,seen,everyday,tk,1.00000,1.00000,1.00000,1.00000
tk_hard,chunk,tkhard-tk-136-everyday,seen,everyday,tk,1.00000,1.00000,1.00000,1.00000
tk_hard,chunk,tkhard-tk-137-everyday,seen,everyday,tk,1.00000,1.00000,1.00000,1.00000
tk_hard,chunk,tkhard-tk-138-everyday,seen,everyday,tk,1.00000,1.00000,1.00000,1.00000
tk_hard,chunk,tkhard-tk-139-search,seen,search,tk,1.00000,1.00000,1.00000,1.00000
tk_hard,chunk,tkhard-tk-140-everyday,seen,everyday,tk,1.00000,1.00000,1.00000,1.00000
tk_hard,chunk,tkhard-tk-141-everyday,seen,everyday,tk,1.00000,1.00000,1.00000,1.00000
tk_hard,chunk,tkhard-tk-142-everyday,seen,everyday,tk,1.00000,1.00000,1.00000,1.00000
tk_hard,chunk,tkhard-tk-144-search,unseen_articles,search,tk,1.00000,1.00000,1.00000,1.00000
tk_hard,chunk,tkhard-tk-143-everyday,seen,everyday,tk,1.00000,1.00000,1.00000,1.00000
tk_hard,chunk,tkhard-tk-144-everyday,unseen_articles,everyday,tk,1.00000,1.00000,1.00000,1.00000
tk_hard,chunk,tkhard-tk-145-search,seen,search,tk,0.43068,1.00000,1.00000,0.25000
tk_hard,chunk,tkhard-tk-146-everyday,seen,everyday,tk,0.63093,1.00000,1.00000,0.50000
tk_hard,chunk,tkhard-tk-146-search,seen,search,tk,0.63093,1.00000,1.00000,0.50000
tk_hard,chunk,tkhard-tk-145-everyday,seen,everyday,tk,1.00000,1.00000,1.00000,1.00000
tk_hard,chunk,tkhard-tk-147-everyday,seen,everyday,tk,1.00000,1.00000,1.00000,1.00000
tk_hard,chunk,tkhard-tk-149-everyday,seen,everyday,tk,0.35621,0.00000,1.00000,0.16667
tk_hard,chunk,tkhard-tk-148-everyday,seen,everyday,tk,1.00000,1.00000,1.00000,1.00000
tk_hard,chunk,tkhard-tk-150-search,unseen_articles,search,tk,1.00000,1.00000,1.00000,1.00000
tk_hard,chunk,tkhard-tk-152-everyday,seen,everyday,tk,1.00000,1.00000,1.00000,1.00000
tk_hard,chunk,tkhard-tk-150-everyday,unseen_articles,everyday,tk,0.63093,1.00000,1.00000,0.50000
tk_hard,chunk,tkhard-tk-153-everyday,seen,everyday,tk,1.00000,1.00000,1.00000,1.00000
tk_hard,chunk,tkhard-tk-155-everyday,seen,everyday,tk,1.00000,1.00000,1.00000,1.00000
tk_hard,chunk,tkhard-tk-156-everyday,seen,everyday,tk,1.00000,1.00000,1.00000,1.00000
tk_hard,chunk,tkhard-tk-157-everyday,seen,everyday,tk,1.00000,1.00000,1.00000,1.00000
tk_hard,chunk,tkhard-tk-158-everyday,seen,everyday,tk,1.00000,1.00000,1.00000,1.00000
tk_hard,chunk,tkhard-tk-158.1-search,seen,search,tk,1.00000,1.00000,1.00000,1.00000
tk_hard,chunk,tkhard-tk-158.1-everyday,seen,everyday,tk,1.00000,1.00000,1.00000,1.00000
tk_hard,chunk,tkhard-tk-159-search,seen,search,tk,0.63093,1.00000,1.00000,0.50000
tk_hard,chunk,tkhard-tk-159-everyday,seen,everyday,tk,0.43068,1.00000,1.00000,0.25000
tk_hard,chunk,tkhard-tk-160-search,unseen_articles,search,tk,1.00000,1.00000,1.00000,1.00000
tk_hard,chunk,tkhard-tk-161-everyday,seen,everyday,tk,1.00000,1.00000,1.00000,1.00000
tk_hard,chunk,tkhard-tk-160-everyday,unseen_articles,everyday,tk,0.43068,1.00000,1.00000,0.25000
tk_hard,chunk,tkhard-tk-162-search,seen,search,tk,1.00000,1.00000,1.00000,1.00000
tk_hard,chunk,tkhard-tk-162-everyday,seen,everyday,tk,1.00000,1.00000,1.00000,1.00000
tk_hard,chunk,tkhard-tk-164-search,unseen_articles,search,tk,1.00000,1.00000,1.00000,1.00000
tk_hard,chunk,tkhard-tk-165-search,unseen_articles,search,tk,0.63093,1.00000,1.00000,0.50000
tk_hard,chunk,tkhard-tk-165-everyday,unseen_articles,everyday,tk,0.30103,0.00000,1.00000,0.11111
tk_hard,chunk,tkhard-tk-166-everyday,seen,everyday,tk,1.00000,1.00000,1.00000,1.00000
tk_hard,chunk,tkhard-tk-168-everyday,seen,everyday,tk,1.00000,1.00000,1.00000,1.00000
tk_hard,chunk,tkhard-tk-169-search,seen,search,tk,1.00000,1.00000,1.00000,1.00000
tk_hard,chunk,tkhard-tk-170-search,unseen_articles,search,tk,1.00000,1.00000,1.00000,1.00000
tk_hard,chunk,tkhard-tk-169-everyday,seen,everyday,tk,1.00000,1.00000,1.00000,1.00000
tk_hard,chunk,tkhard-tk-170-everyday,unseen_articles,everyday,tk,0.00000,0.00000,0.00000,0.00000
tk_hard,chunk,tkhard-tk-171-search,unseen_articles,search,tk,0.00000,0.00000,0.00000,0.00000
tk_hard,chunk,tkhard-tk-171-everyday,unseen_articles,everyday,tk,1.00000,1.00000,1.00000,1.00000
tk_hard,chunk,tkhard-tk-172-everyday,seen,everyday,tk,1.00000,1.00000,1.00000,1.00000
tk_hard,chunk,tkhard-tk-173.1-search,seen,search,tk,1.00000,1.00000,1.00000,1.00000
tk_hard,chunk,tkhard-tk-173-everyday,seen,everyday,tk,1.00000,1.00000,1.00000,1.00000
tk_hard,chunk,tkhard-tk-173.1-everyday,seen,everyday,tk,1.00000,1.00000,1.00000,1.00000
tk_hard,chunk,tkhard-tk-174-search,seen,search,tk,1.00000,1.00000,1.00000,1.00000
tk_hard,chunk,tkhard-tk-176-search,seen,search,tk,0.35621,0.00000,1.00000,0.16667
tk_hard,chunk,tkhard-tk-177-search,seen,search,tk,1.00000,1.00000,1.00000,1.00000
tk_hard,chunk,tkhard-tk-176-everyday,seen,everyday,tk,0.50000,1.00000,1.00000,0.33333
tk_hard,chunk,tkhard-tk-177-everyday,seen,everyday,tk,0.35621,0.00000,1.00000,0.16667
tk_hard,chunk,tkhard-tk-178-everyday,seen,everyday,tk,1.00000,1.00000,1.00000,1.00000
tk_hard,chunk,tkhard-tk-179-search,seen,search,tk,1.00000,1.00000,1.00000,1.00000
tk_hard,chunk,tkhard-tk-180-search,seen,search,tk,1.00000,1.00000,1.00000,1.00000
tk_hard,chunk,tkhard-tk-180-everyday,seen,everyday,tk,0.43068,1.00000,1.00000,0.25000
tk_hard,chunk,tkhard-tk-179-everyday,seen,everyday,tk,1.00000,1.00000,1.00000,1.00000
tk_hard,chunk,tkhard-tk-181.1-everyday,seen,everyday,tk,0.63093,1.00000,1.00000,0.50000
tk_hard,chunk,tkhard-tk-181.1-search,seen,search,tk,1.00000,1.00000,1.00000,1.00000
tk_hard,chunk,tkhard-tk-181-everyday,seen,everyday,tk,1.00000,1.00000,1.00000,1.00000
tk_hard,chunk,tkhard-tk-183-search,seen,search,tk,0.00000,0.00000,0.00000,0.00000
tk_hard,chunk,tkhard-tk-184-search,seen,search,tk,1.00000,1.00000,1.00000,1.00000
tk_hard,chunk,tkhard-tk-184-everyday,seen,everyday,tk,0.50000,1.00000,1.00000,0.33333
tk_hard,chunk,tkhard-tk-185-search,seen,search,tk,0.63093,1.00000,1.00000,0.50000
tk_hard,chunk,tkhard-tk-185-everyday,seen,everyday,tk,0.63093,1.00000,1.00000,0.50000
tk_hard,chunk,tkhard-tk-186-everyday,seen,everyday,tk,1.00000,1.00000,1.00000,1.00000
tk_hard,chunk,tkhard-tk-186.1-search,unseen_articles,search,tk,1.00000,1.00000,1.00000,1.00000
tk_hard,chunk,tkhard-tk-187-search,seen,search,tk,0.35621,0.00000,1.00000,0.16667
tk_hard,chunk,tkhard-tk-186.1-everyday,unseen_articles,everyday,tk,1.00000,1.00000,1.00000,1.00000
tk_hard,chunk,tkhard-tk-187-everyday,seen,everyday,tk,1.00000,1.00000,1.00000,1.00000
tk_hard,chunk,tkhard-tk-189-search,seen,search,tk,1.00000,1.00000,1.00000,1.00000
tk_hard,chunk,tkhard-tk-190-everyday,seen,everyday,tk,1.00000,1.00000,1.00000,1.00000
tk_hard,chunk,tkhard-tk-189-everyday,seen,everyday,tk,1.00000,1.00000,1.00000,1.00000
tk_hard,chunk,tkhard-tk-191-search,unseen_articles,search,tk,1.00000,1.00000,1.00000,1.00000
tk_hard,chunk,tkhard-tk-191-everyday,unseen_articles,everyday,tk,1.00000,1.00000,1.00000,1.00000
tk_hard,chunk,tkhard-tk-192-search,seen,search,tk,1.00000,1.00000,1.00000,1.00000
tk_hard,chunk,tkhard-tk-192-everyday,seen,everyday,tk,0.31546,0.00000,1.00000,0.12500
tk_hard,chunk,tkhard-tk-193-everyday,seen,everyday,tk,0.63093,1.00000,1.00000,0.50000
tk_hard,chunk,tkhard-tk-194-everyday,seen,everyday,tk,1.00000,1.00000,1.00000,1.00000
tk_hard,chunk,tkhard-tk-195-search,seen,search,tk,1.00000,1.00000,1.00000,1.00000
tk_hard,chunk,tkhard-tk-195-everyday,seen,everyday,tk,1.00000,1.00000,1.00000,1.00000
tk_hard,chunk,tkhard-tk-195.1-everyday,seen,everyday,tk,1.00000,1.00000,1.00000,1.00000
tk_hard,chunk,tkhard-tk-195.2-everyday,seen,everyday,tk,0.63093,1.00000,1.00000,0.50000
tk_hard,chunk,tkhard-tk-195.3-search,seen,search,tk,1.00000,1.00000,1.00000,1.00000
tk_hard,chunk,tkhard-tk-196-search,seen,search,tk,0.50000,1.00000,1.00000,0.33333
tk_hard,chunk,tkhard-tk-196-everyday,seen,everyday,tk,1.00000,1.00000,1.00000,1.00000
tk_hard,chunk,tkhard-tk-197-search,unseen_articles,search,tk,1.00000,1.00000,1.00000,1.00000
tk_hard,chunk,tkhard-tk-197-everyday,unseen_articles,everyday,tk,0.50000,1.00000,1.00000,0.33333
tk_hard,chunk,tkhard-tk-198-search,seen,search,tk,1.00000,1.00000,1.00000,1.00000
tk_hard,chunk,tkhard-tk-198-everyday,seen,everyday,tk,1.00000,1.00000,1.00000,1.00000
tk_hard,chunk,tkhard-tk-199-everyday,seen,everyday,tk,1.00000,1.00000,1.00000,1.00000
tk_hard,chunk,tkhard-tk-200-everyday,seen,everyday,tk,1.00000,1.00000,1.00000,1.00000
tk_hard,chunk,tkhard-tk-201-everyday,seen,everyday,tk,1.00000,1.00000,1.00000,1.00000
tk_hard,chunk,tkhard-tk-203-everyday,seen,everyday,tk,0.63093,1.00000,1.00000,0.50000
tk_hard,chunk,tkhard-tk-204-search,seen,search,tk,1.00000,1.00000,1.00000,1.00000
tk_hard,chunk,tkhard-tk-207-search,seen,search,tk,1.00000,1.00000,1.00000,1.00000
tk_hard,chunk,tkhard-tk-204-everyday,seen,everyday,tk,1.00000,1.00000,1.00000,1.00000
tk_hard,chunk,tkhard-tk-207-everyday,seen,everyday,tk,0.00000,0.00000,0.00000,0.00000
tk_hard,chunk,tkhard-tk-209-search,seen,search,tk,1.00000,1.00000,1.00000,1.00000
tk_hard,chunk,tkhard-tk-209-everyday,seen,everyday,tk,0.63093,1.00000,1.00000,0.50000
tk_hard,chunk,tkhard-tk-209.1-search,seen,search,tk,1.00000,1.00000,1.00000,1.00000
tk_hard,chunk,tkhard-tk-209.1-everyday,seen,everyday,tk,0.00000,0.00000,0.00000,0.00000
tk_hard,chunk,tkhard-tk-210-search,unseen_articles,search,tk,1.00000,1.00000,1.00000,1.00000
tk_hard,chunk,tkhard-tk-210-everyday,unseen_articles,everyday,tk,0.30103,0.00000,1.00000,0.11111
tk_hard,chunk,tkhard-tk-211-everyday,seen,everyday,tk,0.00000,0.00000,0.00000,0.00000
tk_hard,chunk,tkhard-tk-211.1-search,unseen_articles,search,tk,1.00000,1.00000,1.00000,1.00000
tk_hard,chunk,tkhard-tk-211.1-everyday,unseen_articles,everyday,tk,0.00000,0.00000,0.00000,0.00000
tk_hard,chunk,tkhard-tk-211.2-search,seen,search,tk,1.00000,1.00000,1.00000,1.00000
tk_hard,chunk,tkhard-tk-211.2-everyday,seen,everyday,tk,0.00000,0.00000,0.00000,0.00000
tk_hard,chunk,tkhard-tk-211.3-everyday,seen,everyday,tk,1.00000,1.00000,1.00000,1.00000
tk_hard,chunk,tkhard-tk-212-search,seen,search,tk,1.00000,1.00000,1.00000,1.00000
tk_hard,chunk,tkhard-tk-212-everyday,seen,everyday,tk,1.00000,1.00000,1.00000,1.00000
tk_hard,chunk,tkhard-tk-213-everyday,seen,everyday,tk,1.00000,1.00000,1.00000,1.00000
tk_hard,chunk,tkhard-tk-213.1-search,seen,search,tk,1.00000,1.00000,1.00000,1.00000
tk_hard,chunk,tkhard-tk-213.1-everyday,seen,everyday,tk,1.00000,1.00000,1.00000,1.00000
tk_hard,chunk,tkhard-tk-214-everyday,seen,everyday,tk,0.50000,1.00000,1.00000,0.33333
tk_hard,chunk,tkhard-tk-214.1-everyday,seen,everyday,tk,0.63093,1.00000,1.00000,0.50000
tk_hard,chunk,tkhard-tk-214.2-everyday,seen,everyday,tk,1.00000,1.00000,1.00000,1.00000
tk_hard,chunk,tkhard-tk-215-everyday,seen,everyday,tk,1.00000,1.00000,1.00000,1.00000
tk_hard,chunk,tkhard-tk-216.1-search,seen,search,tk,1.00000,1.00000,1.00000,1.00000
tk_hard,chunk,tkhard-tk-216-everyday,seen,everyday,tk,0.63093,1.00000,1.00000,0.50000
tk_hard,chunk,tkhard-tk-216.1-everyday,seen,everyday,tk,1.00000,1.00000,1.00000,1.00000
tk_hard,chunk,tkhard-tk-216.2-everyday,seen,everyday,tk,0.63093,1.00000,1.00000,0.50000
tk_hard,chunk,tkhard-tk-216.3-search,seen,search,tk,1.00000,1.00000,1.00000,1.00000
tk_hard,chunk,tkhard-tk-216.3-everyday,seen,everyday,tk,0.28906,0.00000,1.00000,0.10000
tk_hard,chunk,tkhard-tk-217-everyday,seen,everyday,tk,0.00000,0.00000,0.00000,0.00000
tk_hard,chunk,tkhard-tk-218-everyday,seen,everyday,tk,1.00000,1.00000,1.00000,1.00000
tk_hard,chunk,tkhard-tk-219-search,seen,search,tk,1.00000,1.00000,1.00000,1.00000
tk_hard,chunk,tkhard-tk-219-everyday,seen,everyday,tk,1.00000,1.00000,1.00000,1.00000
tk_hard,chunk,tkhard-tk-220-everyday,seen,everyday,tk,0.63093,1.00000,1.00000,0.50000
tk_hard,chunk,tkhard-tk-222-search,seen,search,tk,1.00000,1.00000,1.00000,1.00000
tk_hard,chunk,tkhard-tk-221-everyday,unseen_articles,everyday,tk,1.00000,1.00000,1.00000,1.00000
tk_hard,chunk,tkhard-tk-223-search,unseen_articles,search,tk,1.00000,1.00000,1.00000,1.00000
tk_hard,chunk,tkhard-tk-223-everyday,unseen_articles,everyday,tk,1.00000,1.00000,1.00000,1.00000
tk_hard,chunk,tkhard-tk-224-everyday,seen,everyday,tk,1.00000,1.00000,1.00000,1.00000
tk_hard,chunk,tkhard-tk-225-search,seen,search,tk,1.00000,1.00000,1.00000,1.00000
tk_hard,chunk,tkhard-tk-225-everyday,seen,everyday,tk,1.00000,1.00000,1.00000,1.00000
tk_hard,chunk,tkhard-tk-226-search,seen,search,tk,1.00000,1.00000,1.00000,1.00000
tk_hard,chunk,tkhard-tk-226-everyday,seen,everyday,tk,0.43068,1.00000,1.00000,0.25000
tk_hard,chunk,tkhard-tk-228-everyday,seen,everyday,tk,0.43068,1.00000,1.00000,0.25000
tk_hard,chunk,tkhard-tk-229-everyday,seen,everyday,tk,1.00000,1.00000,1.00000,1.00000
tk_hard,chunk,tkhard-tk-229.2-search,seen,search,tk,0.63093,1.00000,1.00000,0.50000
tk_hard,chunk,tkhard-tk-229.1-everyday,seen,everyday,tk,1.00000,1.00000,1.00000,1.00000
tk_hard,chunk,tkhard-tk-229.2-everyday,seen,everyday,tk,1.00000,1.00000,1.00000,1.00000
tk_hard,chunk,tkhard-tk-229.3-search,seen,search,tk,1.00000,1.00000,1.00000,1.00000
tk_hard,chunk,tkhard-tk-229.3-everyday,seen,everyday,tk,0.33333,0.00000,1.00000,0.14286
tk_hard,chunk,tkhard-tk-230-search,seen,search,tk,1.00000,1.00000,1.00000,1.00000
tk_hard,chunk,tkhard-tk-230-everyday,seen,everyday,tk,1.00000,1.00000,1.00000,1.00000
tk_hard,chunk,tkhard-tk-230.1-everyday,seen,everyday,tk,0.63093,1.00000,1.00000,0.50000
tk_hard,chunk,tkhard-tk-231-search,seen,search,tk,1.00000,1.00000,1.00000,1.00000
tk_hard,chunk,tkhard-tk-232-search,seen,search,tk,1.00000,1.00000,1.00000,1.00000
tk_hard,chunk,tkhard-tk-232-everyday,seen,everyday,tk,1.00000,1.00000,1.00000,1.00000
tk_hard,chunk,tkhard-tk-233-search,seen,search,tk,0.00000,0.00000,0.00000,0.00000
tk_hard,chunk,tkhard-tk-234-search,seen,search,tk,0.50000,1.00000,1.00000,0.33333
tk_hard,chunk,tkhard-tk-235-search,seen,search,tk,0.63093,1.00000,1.00000,0.50000
tk_hard,chunk,tkhard-tk-236-search,seen,search,tk,1.00000,1.00000,1.00000,1.00000
tk_hard,chunk,tkhard-tk-236-everyday,seen,everyday,tk,1.00000,1.00000,1.00000,1.00000
tk_hard,chunk,tkhard-tk-235-everyday,seen,everyday,tk,0.38685,1.00000,1.00000,0.20000
tk_hard,chunk,tkhard-tk-237-everyday,seen,everyday,tk,0.28906,0.00000,1.00000,0.10000
tk_hard,chunk,tkhard-tk-239-search,seen,search,tk,1.00000,1.00000,1.00000,1.00000
tk_hard,chunk,tkhard-tk-238-everyday,seen,everyday,tk,0.50000,1.00000,1.00000,0.33333
tk_hard,chunk,tkhard-tk-239-everyday,seen,everyday,tk,0.00000,0.00000,0.00000,0.00000
tk_hard,chunk,tkhard-tk-240-everyday,seen,everyday,tk,1.00000,1.00000,1.00000,1.00000
tk_hard,chunk,tkhard-tk-242-everyday,seen,everyday,tk,0.00000,0.00000,0.00000,0.00000
tk_hard,chunk,tkhard-tk-243-everyday,seen,everyday,tk,0.00000,0.00000,0.00000,0.00000
tk_hard,chunk,tkhard-tk-244-search,seen,search,tk,1.00000,1.00000,1.00000,1.00000
tk_hard,chunk,tkhard-tk-245-search,unseen_articles,search,tk,1.00000,1.00000,1.00000,1.00000
tk_hard,chunk,tkhard-tk-244-everyday,seen,everyday,tk,0.38685,1.00000,1.00000,0.20000
tk_hard,chunk,tkhard-tk-246-search,seen,search,tk,1.00000,1.00000,1.00000,1.00000
tk_hard,chunk,tkhard-tk-245-everyday,unseen_articles,everyday,tk,1.00000,1.00000,1.00000,1.00000
tk_hard,chunk,tkhard-tk-246-everyday,seen,everyday,tk,1.00000,1.00000,1.00000,1.00000
tk_hard,chunk,tkhard-tk-247-everyday,seen,everyday,tk,1.00000,1.00000,1.00000,1.00000
tk_hard,chunk,tkhard-tk-248-everyday,seen,everyday,tk,0.00000,0.00000,0.00000,0.00000
tk_hard,chunk,tkhard-tk-249-everyday,seen,everyday,tk,1.00000,1.00000,1.00000,1.00000
tk_hard,chunk,tkhard-tk-250-search,seen,search,tk,1.00000,1.00000,1.00000,1.00000
tk_hard,chunk,tkhard-tk-250-everyday,seen,everyday,tk,1.00000,1.00000,1.00000,1.00000
tk_hard,chunk,tkhard-tk-253-search,seen,search,tk,1.00000,1.00000,1.00000,1.00000
tk_hard,chunk,tkhard-tk-251-everyday,seen,everyday,tk,0.00000,0.00000,0.00000,0.00000
tk_hard,chunk,tkhard-tk-253-everyday,seen,everyday,tk,1.00000,1.00000,1.00000,1.00000
tk_hard,chunk,tkhard-tk-254-search,seen,search,tk,1.00000,1.00000,1.00000,1.00000
tk_hard,chunk,tkhard-tk-254-everyday,seen,everyday,tk,1.00000,1.00000,1.00000,1.00000
tk_hard,chunk,tkhard-tk-255-everyday,seen,everyday,tk,1.00000,1.00000,1.00000,1.00000
tk_hard,chunk,tkhard-tk-256-everyday,seen,everyday,tk,1.00000,1.00000,1.00000,1.00000
tk_hard,chunk,tkhard-tk-257-search,seen,search,tk,1.00000,1.00000,1.00000,1.00000
tk_hard,chunk,tkhard-tk-258-everyday,seen,everyday,tk,1.00000,1.00000,1.00000,1.00000
tk_hard,chunk,tkhard-tk-259-everyday,seen,everyday,tk,0.50000,1.00000,1.00000,0.33333
tk_hard,chunk,tkhard-tk-259-search,seen,search,tk,0.63093,1.00000,1.00000,0.50000
tk_hard,chunk,tkhard-tk-260-search,seen,search,tk,0.63093,1.00000,1.00000,0.50000
tk_hard,chunk,tkhard-tk-260-everyday,seen,everyday,tk,0.50000,1.00000,1.00000,0.33333
tk_hard,chunk,tkhard-tk-261-search,seen,search,tk,1.00000,1.00000,1.00000,1.00000
tk_hard,chunk,tkhard-tk-262-search,unseen_articles,search,tk,1.00000,1.00000,1.00000,1.00000
tk_hard,chunk,tkhard-tk-261-everyday,seen,everyday,tk,1.00000,1.00000,1.00000,1.00000
tk_hard,chunk,tkhard-tk-262-everyday,unseen_articles,everyday,tk,1.00000,1.00000,1.00000,1.00000
tk_hard,chunk,tkhard-tk-262.1-search,seen,search,tk,1.00000,1.00000,1.00000,1.00000
tk_hard,chunk,tkhard-tk-262.1-everyday,seen,everyday,tk,1.00000,1.00000,1.00000,1.00000
tk_hard,chunk,tkhard-tk-263-search,seen,search,tk,1.00000,1.00000,1.00000,1.00000
tk_hard,chunk,tkhard-tk-263-everyday,seen,everyday,tk,0.38685,1.00000,1.00000,0.20000
tk_hard,chunk,tkhard-tk-264-search,seen,search,tk,1.00000,1.00000,1.00000,1.00000
tk_hard,chunk,tkhard-tk-264-everyday,seen,everyday,tk,0.33333,0.00000,1.00000,0.14286
tk_hard,chunk,tkhard-tk-265-search,seen,search,tk,0.63093,1.00000,1.00000,0.50000
tk_hard,chunk,tkhard-tk-266-search,seen,search,tk,1.00000,1.00000,1.00000,1.00000
tk_hard,chunk,tkhard-tk-265-everyday,seen,everyday,tk,1.00000,1.00000,1.00000,1.00000
tk_hard,chunk,tkhard-tk-267-search,unseen_articles,search,tk,1.00000,1.00000,1.00000,1.00000
tk_hard,chunk,tkhard-tk-267-everyday,unseen_articles,everyday,tk,1.00000,1.00000,1.00000,1.00000
tk_hard,chunk,tkhard-tk-268-search,seen,search,tk,1.00000,1.00000,1.00000,1.00000
tk_hard,chunk,tkhard-tk-268-everyday,seen,everyday,tk,1.00000,1.00000,1.00000,1.00000
tk_hard,chunk,tkhard-tk-269-search,seen,search,tk,1.00000,1.00000,1.00000,1.00000
tk_hard,chunk,tkhard-tk-269-everyday,seen,everyday,tk,0.63093,1.00000,1.00000,0.50000
tk_hard,chunk,tkhard-tk-270-search,unseen_articles,search,tk,1.00000,1.00000,1.00000,1.00000
tk_hard,chunk,tkhard-tk-271-search,seen,search,tk,1.00000,1.00000,1.00000,1.00000
tk_hard,chunk,tkhard-tk-271-everyday,seen,everyday,tk,1.00000,1.00000,1.00000,1.00000
tk_hard,chunk,tkhard-tk-270-everyday,unseen_articles,everyday,tk,0.63093,1.00000,1.00000,0.50000
tk_hard,chunk,tkhard-tk-273-search,seen,search,tk,1.00000,1.00000,1.00000,1.00000
tk_hard,chunk,tkhard-tk-273-everyday,seen,everyday,tk,0.28906,0.00000,1.00000,0.10000
tk_hard,chunk,tkhard-tk-274-search,seen,search,tk,1.00000,1.00000,1.00000,1.00000
tk_hard,chunk,tkhard-tk-274-everyday,seen,everyday,tk,1.00000,1.00000,1.00000,1.00000
tk_hard,chunk,tkhard-tk-275-everyday,seen,everyday,tk,1.00000,1.00000,1.00000,1.00000
tk_hard,chunk,tkhard-tk-276-everyday,seen,everyday,tk,0.63093,1.00000,1.00000,0.50000
tk_hard,chunk,tkhard-tk-277-everyday,seen,everyday,tk,0.00000,0.00000,0.00000,0.00000
tk_hard,chunk,tkhard-tk-278-search,seen,search,tk,1.00000,1.00000,1.00000,1.00000
tk_hard,chunk,tkhard-tk-278-everyday,seen,everyday,tk,1.00000,1.00000,1.00000,1.00000
tk_hard,chunk,tkhard-tk-279-everyday,seen,everyday,tk,0.00000,0.00000,0.00000,0.00000
tk_hard,chunk,tkhard-tk-280-search,seen,search,tk,1.00000,1.00000,1.00000,1.00000
tk_hard,chunk,tkhard-tk-280-everyday,seen,everyday,tk,1.00000,1.00000,1.00000,1.00000
tk_hard,chunk,tkhard-tk-281-everyday,seen,everyday,tk,1.00000,1.00000,1.00000,1.00000
tk_hard,chunk,tkhard-tk-281.1-search,seen,search,tk,1.00000,1.00000,1.00000,1.00000
tk_hard,chunk,tkhard-tk-282-search,seen,search,tk,1.00000,1.00000,1.00000,1.00000
tk_hard,chunk,tkhard-tk-282-everyday,seen,everyday,tk,0.50000,1.00000,1.00000,0.33333
tk_hard,chunk,tkhard-tk-283-everyday,seen,everyday,tk,1.00000,1.00000,1.00000,1.00000
tk_hard,chunk,tkhard-tk-284-everyday,seen,everyday,tk,1.00000,1.00000,1.00000,1.00000
tk_hard,chunk,tkhard-tk-286-search,unseen_articles,search,tk,1.00000,1.00000,1.00000,1.00000
tk_hard,chunk,tkhard-tk-286-everyday,unseen_articles,everyday,tk,1.00000,1.00000,1.00000,1.00000
tk_hard,chunk,tkhard-tk-285-everyday,seen,everyday,tk,0.33333,0.00000,1.00000,0.14286
tk_hard,chunk,tkhard-tk-288-search,seen,search,tk,1.00000,1.00000,1.00000,1.00000
tk_hard,chunk,tkhard-tk-287-everyday,seen,everyday,tk,0.50000,1.00000,1.00000,0.33333
tk_hard,chunk,tkhard-tk-288-everyday,seen,everyday,tk,0.50000,1.00000,1.00000,0.33333
tk_hard,chunk,tkhard-tk-290-search,seen,search,tk,1.00000,1.00000,1.00000,1.00000
tk_hard,chunk,tkhard-tk-290-everyday,seen,everyday,tk,1.00000,1.00000,1.00000,1.00000
tk_hard,chunk,tkhard-tk-291-everyday,seen,everyday,tk,1.00000,1.00000,1.00000,1.00000
tk_hard,chunk,tkhard-tk-292-search,seen,search,tk,1.00000,1.00000,1.00000,1.00000
tk_hard,chunk,tkhard-tk-292-everyday,seen,everyday,tk,0.63093,1.00000,1.00000,0.50000
tk_hard,chunk,tkhard-tk-293-search,seen,search,tk,1.00000,1.00000,1.00000,1.00000
tk_hard,chunk,tkhard-tk-293-everyday,seen,everyday,tk,1.00000,1.00000,1.00000,1.00000
tk_hard,chunk,tkhard-tk-296-search,seen,search,tk,1.00000,1.00000,1.00000,1.00000
tk_hard,chunk,tkhard-tk-296-everyday,seen,everyday,tk,1.00000,1.00000,1.00000,1.00000
tk_hard,chunk,tkhard-tk-297-search,unseen_articles,search,tk,1.00000,1.00000,1.00000,1.00000
tk_hard,chunk,tkhard-tk-297-everyday,unseen_articles,everyday,tk,1.00000,1.00000,1.00000,1.00000
tk_hard,chunk,tkhard-tk-298-everyday,seen,everyday,tk,1.00000,1.00000,1.00000,1.00000
tk_hard,chunk,tkhard-tk-299-search,seen,search,tk,1.00000,1.00000,1.00000,1.00000
tk_hard,chunk,tkhard-tk-301-search,seen,search,tk,1.00000,1.00000,1.00000,1.00000
tk_hard,chunk,tkhard-tk-300-everyday,seen,everyday,tk,1.00000,1.00000,1.00000,1.00000
tk_hard,chunk,tkhard-tk-302-search,seen,search,tk,1.00000,1.00000,1.00000,1.00000
tk_hard,chunk,tkhard-tk-301-everyday,seen,everyday,tk,1.00000,1.00000,1.00000,1.00000
tk_hard,chunk,tkhard-tk-302-everyday,seen,everyday,tk,1.00000,1.00000,1.00000,1.00000
tk_hard,chunk,tkhard-tk-303-search,seen,search,tk,0.63093,1.00000,1.00000,0.50000
tk_hard,chunk,tkhard-tk-303-everyday,seen,everyday,tk,1.00000,1.00000,1.00000,1.00000
tk_hard,chunk,tkhard-tk-304-everyday,seen,everyday,tk,1.00000,1.00000,1.00000,1.00000
tk_hard,chunk,tkhard-tk-305-search,seen,search,tk,0.00000,0.00000,0.00000,0.00000
tk_hard,chunk,tkhard-tk-306-search,seen,search,tk,1.00000,1.00000,1.00000,1.00000
tk_hard,chunk,tkhard-tk-305-everyday,seen,everyday,tk,1.00000,1.00000,1.00000,1.00000
tk_hard,chunk,tkhard-tk-306-everyday,seen,everyday,tk,0.50000,1.00000,1.00000,0.33333
tk_hard,chunk,tkhard-tk-307-search,seen,search,tk,0.43068,1.00000,1.00000,0.25000
tk_hard,chunk,tkhard-tk-308-search,seen,search,tk,0.50000,1.00000,1.00000,0.33333
tk_hard,chunk,tkhard-tk-307-everyday,seen,everyday,tk,0.33333,0.00000,1.00000,0.14286
tk_hard,chunk,tkhard-tk-309-search,seen,search,tk,1.00000,1.00000,1.00000,1.00000
tk_hard,chunk,tkhard-tk-309-everyday,seen,everyday,tk,0.63093,1.00000,1.00000,0.50000
tk_hard,chunk,tkhard-tk-309.1-search,unseen_articles,search,tk,1.00000,1.00000,1.00000,1.00000
tk_hard,chunk,tkhard-tk-309.1-everyday,unseen_articles,everyday,tk,1.00000,1.00000,1.00000,1.00000
tk_hard,chunk,tkhard-tk-309.2-search,seen,search,tk,1.00000,1.00000,1.00000,1.00000
tk_hard,chunk,tkhard-tk-310-search,unseen_articles,search,tk,1.00000,1.00000,1.00000,1.00000
tk_hard,chunk,tkhard-tk-309.2-everyday,seen,everyday,tk,1.00000,1.00000,1.00000,1.00000
tk_hard,chunk,tkhard-tk-310-everyday,unseen_articles,everyday,tk,1.00000,1.00000,1.00000,1.00000
tk_hard,chunk,tkhard-tk-312.1-search,seen,search,tk,1.00000,1.00000,1.00000,1.00000
tk_hard,chunk,tkhard-tk-312.2-search,seen,search,tk,1.00000,1.00000,1.00000,1.00000
tk_hard,chunk,tkhard-tk-312.2-everyday,seen,everyday,tk,1.00000,1.00000,1.00000,1.00000
tk_hard,chunk,tkhard-tk-312.1-everyday,seen,everyday,tk,1.00000,1.00000,1.00000,1.00000
tk_hard,chunk,tkhard-tk-312.4-everyday,seen,everyday,tk,1.00000,1.00000,1.00000,1.00000
tk_hard,chunk,tkhard-tk-312.3-everyday,seen,everyday,tk,0.31546,0.00000,1.00000,0.12500
tk_hard,chunk,tkhard-tk-312.6-search,seen,search,tk,0.63093,1.00000,1.00000,0.50000
tk_hard,chunk,tkhard-tk-312.6-everyday,seen,everyday,tk,0.50000,1.00000,1.00000,0.33333
tk_hard,chunk,tkhard-tk-312.8-search,seen,search,tk,1.00000,1.00000,1.00000,1.00000
tk_hard,chunk,tkhard-tk-312.8-everyday,seen,everyday,tk,0.50000,1.00000,1.00000,0.33333
tk_hard,chunk,tkhard-tk-312.9-everyday,seen,everyday,tk,1.00000,1.00000,1.00000,1.00000
tk_hard,chunk,tkhard-tk-313-search,seen,search,tk,1.00000,1.00000,1.00000,1.00000
tk_hard,chunk,tkhard-tk-313-everyday,seen,everyday,tk,1.00000,1.00000,1.00000,1.00000
tk_hard,chunk,tkhard-tk-314-search,seen,search,tk,1.00000,1.00000,1.00000,1.00000
tk_hard,chunk,tkhard-tk-314-everyday,seen,everyday,tk,1.00000,1.00000,1.00000,1.00000
tk_hard,chunk,tkhard-tk-316-search,seen,search,tk,1.00000,1.00000,1.00000,1.00000
tk_hard,chunk,tkhard-tk-317-search,seen,search,tk,1.00000,1.00000,1.00000,1.00000
tk_hard,chunk,tkhard-tk-316-everyday,seen,everyday,tk,0.43068,1.00000,1.00000,0.25000
tk_hard,chunk,tkhard-tk-318-search,seen,search,tk,1.00000,1.00000,1.00000,1.00000
tk_hard,chunk,tkhard-tk-318-everyday,seen,everyday,tk,1.00000,1.00000,1.00000,1.00000
tk_hard,chunk,tkhard-tk-319-search,seen,search,tk,1.00000,1.00000,1.00000,1.00000
tk_hard,chunk,tkhard-tk-319-everyday,seen,everyday,tk,1.00000,1.00000,1.00000,1.00000
tk_hard,chunk,tkhard-tk-320-everyday,seen,everyday,tk,1.00000,1.00000,1.00000,1.00000
tk_hard,chunk,tkhard-tk-320-search,seen,search,tk,1.00000,1.00000,1.00000,1.00000
tk_hard,chunk,tkhard-tk-322-search,seen,search,tk,0.43068,1.00000,1.00000,0.25000
tk_hard,chunk,tkhard-tk-323-search,seen,search,tk,1.00000,1.00000,1.00000,1.00000
tk_hard,chunk,tkhard-tk-323-everyday,seen,everyday,tk,1.00000,1.00000,1.00000,1.00000
tk_hard,chunk,tkhard-tk-322-everyday,seen,everyday,tk,1.00000,1.00000,1.00000,1.00000
tk_hard,chunk,tkhard-tk-324-search,seen,search,tk,1.00000,1.00000,1.00000,1.00000
tk_hard,chunk,tkhard-tk-324-everyday,seen,everyday,tk,0.63093,1.00000,1.00000,0.50000
tk_hard,chunk,tkhard-tk-326-everyday,seen,everyday,tk,1.00000,1.00000,1.00000,1.00000
tk_hard,chunk,tkhard-tk-327-everyday,seen,everyday,tk,0.63093,1.00000,1.00000,0.50000
tk_hard,chunk,tkhard-tk-327.1-search,seen,search,tk,1.00000,1.00000,1.00000,1.00000
tk_hard,chunk,tkhard-tk-327.1-everyday,seen,everyday,tk,0.63093,1.00000,1.00000,0.50000
tk_hard,chunk,tkhard-tk-327.2-search,seen,search,tk,0.33333,0.00000,1.00000,0.14286
tk_hard,chunk,tkhard-tk-327.2-everyday,seen,everyday,tk,0.33333,0.00000,1.00000,0.14286
tk_hard,chunk,tkhard-tk-327.3-search,seen,search,tk,1.00000,1.00000,1.00000,1.00000
tk_hard,chunk,tkhard-tk-327.3-everyday,seen,everyday,tk,1.00000,1.00000,1.00000,1.00000
tk_hard,chunk,tkhard-tk-327.5-search,seen,search,tk,1.00000,1.00000,1.00000,1.00000
tk_hard,chunk,tkhard-tk-327.4-everyday,seen,everyday,tk,0.00000,0.00000,0.00000,0.00000
tk_hard,chunk,tkhard-tk-327.5-everyday,seen,everyday,tk,1.00000,1.00000,1.00000,1.00000
tk_hard,chunk,tkhard-tk-327.6-everyday,unseen_articles,everyday,tk,1.00000,1.00000,1.00000,1.00000
tk_hard,chunk,tkhard-tk-328-search,seen,search,tk,1.00000,1.00000,1.00000,1.00000
tk_hard,chunk,tkhard-tk-329-search,unseen_articles,search,tk,1.00000,1.00000,1.00000,1.00000
tk_hard,chunk,tkhard-tk-328-everyday,seen,everyday,tk,1.00000,1.00000,1.00000,1.00000
tk_hard,chunk,tkhard-tk-329-everyday,unseen_articles,everyday,tk,0.63093,1.00000,1.00000,0.50000
tk_hard,chunk,tkhard-tk-330-search,seen,search,tk,1.00000,1.00000,1.00000,1.00000
tk_hard,chunk,tkhard-tk-329.1-everyday,seen,everyday,tk,1.00000,1.00000,1.00000,1.00000
tk_hard,chunk,tkhard-tk-330-everyday,seen,everyday,tk,1.00000,1.00000,1.00000,1.00000
tk_hard,chunk,tkhard-tk-330.1-search,seen,search,tk,0.63093,1.00000,1.00000,0.50000
tk_hard,chunk,tkhard-tk-330.1-everyday,seen,everyday,tk,1.00000,1.00000,1.00000,1.00000
tk_hard,chunk,tkhard-tk-330.3-everyday,seen,everyday,tk,1.00000,1.00000,1.00000,1.00000
tk_hard,chunk,tkhard-tk-330.4-everyday,seen,everyday,tk,1.00000,1.00000,1.00000,1.00000
tk_hard,chunk,tkhard-tk-331-search,seen,search,tk,1.00000,1.00000,1.00000,1.00000
tk_hard,chunk,tkhard-tk-331-everyday,seen,everyday,tk,1.00000,1.00000,1.00000,1.00000
tk_hard,chunk,tkhard-tk-331.1-everyday,seen,everyday,tk,1.00000,1.00000,1.00000,1.00000
tk_hard,chunk,tkhard-tk-332-search,seen,search,tk,1.00000,1.00000,1.00000,1.00000
tk_hard,chunk,tkhard-tk-332-everyday,seen,everyday,tk,1.00000,1.00000,1.00000,1.00000
tk_hard,chunk,tkhard-tk-332.1-search,seen,search,tk,1.00000,1.00000,1.00000,1.00000
tk_hard,chunk,tkhard-tk-332.1-everyday,seen,everyday,tk,0.63093,1.00000,1.00000,0.50000
tk_hard,chunk,tkhard-tk-333-everyday,seen,everyday,tk,0.38685,1.00000,1.00000,0.20000
tk_hard,chunk,tkhard-tk-334-search,unseen_articles,search,tk,0.63093,1.00000,1.00000,0.50000
tk_hard,chunk,tkhard-tk-336.1-search,seen,search,tk,1.00000,1.00000,1.00000,1.00000
tk_hard,chunk,tkhard-tk-336.1-everyday,seen,everyday,tk,1.00000,1.00000,1.00000,1.00000
tk_hard,chunk,tkhard-tk-336.2-search,seen,search,tk,1.00000,1.00000,1.00000,1.00000
tk_hard,chunk,tkhard-tk-336.3-everyday,seen,everyday,tk,0.63093,1.00000,1.00000,0.50000
tk_hard,chunk,tkhard-tk-336.2-everyday,seen,everyday,tk,1.00000,1.00000,1.00000,1.00000
tk_hard,chunk,tkhard-tk-337-search,seen,search,tk,1.00000,1.00000,1.00000,1.00000
tk_hard,chunk,tkhard-tk-337-everyday,seen,everyday,tk,1.00000,1.00000,1.00000,1.00000
tk_hard,chunk,tkhard-tk-338-everyday,seen,everyday,tk,1.00000,1.00000,1.00000,1.00000
tk_hard,chunk,tkhard-tk-338-search,seen,search,tk,1.00000,1.00000,1.00000,1.00000
tk_hard,chunk,tkhard-tk-339-search,seen,search,tk,1.00000,1.00000,1.00000,1.00000
tk_hard,chunk,tkhard-tk-339-everyday,seen,everyday,tk,1.00000,1.00000,1.00000,1.00000
tk_hard,chunk,tkhard-tk-341.1-everyday,seen,everyday,tk,0.00000,0.00000,0.00000,0.00000
tk_hard,chunk,tkhard-tk-341.1-search,seen,search,tk,0.63093,1.00000,1.00000,0.50000
tk_hard,chunk,tkhard-tk-341.1-1-search,seen,search,tk,1.00000,1.00000,1.00000,1.00000
tk_hard,chunk,tkhard-tk-341.1-2-search,seen,search,tk,1.00000,1.00000,1.00000,1.00000
tk_hard,chunk,tkhard-tk-341.1-1-everyday,seen,everyday,tk,1.00000,1.00000,1.00000,1.00000
tk_hard,chunk,tkhard-tk-341.1-2-everyday,seen,everyday,tk,0.00000,0.00000,0.00000,0.00000
tk_hard,chunk,tkhard-tk-341.1-3-search,seen,search,tk,1.00000,1.00000,1.00000,1.00000
tk_hard,chunk,tkhard-tk-341.1-3-everyday,seen,everyday,tk,0.00000,0.00000,0.00000,0.00000
tk_hard,chunk,tkhard-tk-341.1-4-everyday,seen,everyday,tk,0.00000,0.00000,0.00000,0.00000
tk_hard,chunk,tkhard-tk-341.2-search,seen,search,tk,0.63093,1.00000,1.00000,0.50000
tk_hard,chunk,tkhard-tk-341.2-everyday,seen,everyday,tk,0.63093,1.00000,1.00000,0.50000
tk_hard,chunk,tkhard-tk-341.3-search,seen,search,tk,0.33333,0.00000,1.00000,0.14286
tk_hard,chunk,tkhard-tk-341.3-everyday,seen,everyday,tk,0.00000,0.00000,0.00000,0.00000
tk_hard,chunk,tkhard-tk-341.5-search,seen,search,tk,0.50000,1.00000,1.00000,0.33333
tk_hard,chunk,tkhard-tk-342-everyday,seen,everyday,tk,1.00000,1.00000,1.00000,1.00000
tk_hard,chunk,tkhard-tk-341.5-everyday,seen,everyday,tk,0.50000,1.00000,1.00000,0.33333
tk_hard,chunk,tkhard-tk-345-everyday,seen,everyday,tk,1.00000,1.00000,1.00000,1.00000
tk_hard,chunk,tkhard-tk-344-everyday,seen,everyday,tk,1.00000,1.00000,1.00000,1.00000
tk_hard,chunk,tkhard-tk-345.1-search,seen,search,tk,1.00000,1.00000,1.00000,1.00000
tk_hard,chunk,tkhard-tk-345.1-everyday,seen,everyday,tk,1.00000,1.00000,1.00000,1.00000
tk_hard,chunk,tkhard-tk-346-everyday,seen,everyday,tk,1.00000,1.00000,1.00000,1.00000
tk_hard,chunk,tkhard-tk-347-search,seen,search,tk,1.00000,1.00000,1.00000,1.00000
tk_hard,chunk,tkhard-tk-348.1-search,seen,search,tk,0.63093,1.00000,1.00000,0.50000
tk_hard,chunk,tkhard-tk-347-everyday,seen,everyday,tk,1.00000,1.00000,1.00000,1.00000
tk_hard,chunk,tkhard-tk-348.1-everyday,seen,everyday,tk,0.63093,1.00000,1.00000,0.50000
tk_hard,chunk,tkhard-tk-348.2-everyday,unseen_articles,everyday,tk,0.50000,1.00000,1.00000,0.33333
tk_hard,chunk,tkhard-tk-348.3-everyday,seen,everyday,tk,1.00000,1.00000,1.00000,1.00000
tk_hard,chunk,tkhard-tk-348.4-search,seen,search,tk,1.00000,1.00000,1.00000,1.00000
tk_hard,chunk,tkhard-tk-348.5-search,seen,search,tk,1.00000,1.00000,1.00000,1.00000
tk_hard,chunk,tkhard-tk-348.5-everyday,seen,everyday,tk,1.00000,1.00000,1.00000,1.00000
tk_hard,chunk,tkhard-tk-348.4-everyday,seen,everyday,tk,1.00000,1.00000,1.00000,1.00000
tk_hard,chunk,tkhard-tk-348.6-search,seen,search,tk,1.00000,1.00000,1.00000,1.00000
tk_hard,chunk,tkhard-tk-348.6-everyday,seen,everyday,tk,1.00000,1.00000,1.00000,1.00000
tk_hard,chunk,tkhard-tk-348.7-search,seen,search,tk,1.00000,1.00000,1.00000,1.00000
tk_hard,chunk,tkhard-tk-348.7-everyday,seen,everyday,tk,1.00000,1.00000,1.00000,1.00000
tk_hard,chunk,tkhard-tk-348.9-everyday,seen,everyday,tk,1.00000,1.00000,1.00000,1.00000
tk_hard,chunk,tkhard-tk-348.9-search,seen,search,tk,1.00000,1.00000,1.00000,1.00000
tk_hard,chunk,tkhard-tk-348.8-everyday,seen,everyday,tk,1.00000,1.00000,1.00000,1.00000
tk_hard,chunk,tkhard-tk-348.10-search,seen,search,tk,1.00000,1.00000,1.00000,1.00000
tk_hard,chunk,tkhard-tk-348.11-everyday,seen,everyday,tk,0.50000,1.00000,1.00000,0.33333
tk_hard,chunk,tkhard-tk-348.10-everyday,seen,everyday,tk,0.63093,1.00000,1.00000,0.50000
tk_hard,chunk,tkhard-tk-348.12-search,seen,search,tk,1.00000,1.00000,1.00000,1.00000
tk_hard,chunk,tkhard-tk-348.12-everyday,seen,everyday,tk,1.00000,1.00000,1.00000,1.00000
tk_hard,chunk,tkhard-tk-349-search,seen,search,tk,1.00000,1.00000,1.00000,1.00000
tk_hard,chunk,tkhard-tk-349-everyday,seen,everyday,tk,1.00000,1.00000,1.00000,1.00000
tk_hard,chunk,tkhard-tk-349.1-search,seen,search,tk,1.00000,1.00000,1.00000,1.00000
tk_hard,chunk,tkhard-tk-349.1-everyday,seen,everyday,tk,0.50000,1.00000,1.00000,0.33333
tk_hard,chunk,tkhard-tk-349.2-search,seen,search,tk,1.00000,1.00000,1.00000,1.00000
tk_hard,chunk,tkhard-tk-349.4-search,seen,search,tk,1.00000,1.00000,1.00000,1.00000
tk_hard,chunk,tkhard-tk-349.2-everyday,seen,everyday,tk,0.63093,1.00000,1.00000,0.50000
tk_hard,chunk,tkhard-tk-349.4-everyday,seen,everyday,tk,1.00000,1.00000,1.00000,1.00000
tk_hard,chunk,tkhard-tk-349.5-search,seen,search,tk,1.00000,1.00000,1.00000,1.00000
tk_hard,chunk,tkhard-tk-349.5-everyday,seen,everyday,tk,0.63093,1.00000,1.00000,0.50000
tk_hard,chunk,tkhard-tk-349.6-search,seen,search,tk,0.63093,1.00000,1.00000,0.50000
tk_hard,chunk,tkhard-tk-349.6-everyday,seen,everyday,tk,1.00000,1.00000,1.00000,1.00000
tk_hard,chunk,tkhard-tk-350-everyday,seen,everyday,tk,1.00000,1.00000,1.00000,1.00000
tk_hard,chunk,tkhard-tk-351-everyday,seen,everyday,tk,1.00000,1.00000,1.00000,1.00000
tk_hard,chunk,tkhard-tk-351.1-search,seen,search,tk,1.00000,1.00000,1.00000,1.00000
tk_hard,chunk,tkhard-tk-351.1-everyday,seen,everyday,tk,0.63093,1.00000,1.00000,0.50000
tk_hard,chunk,tkhard-tk-351.3-search,seen,search,tk,1.00000,1.00000,1.00000,1.00000
tk_hard,chunk,tkhard-tk-351.3-everyday,seen,everyday,tk,1.00000,1.00000,1.00000,1.00000
tk_hard,chunk,tkhard-tk-351.4-search,unseen_articles,search,tk,1.00000,1.00000,1.00000,1.00000
tk_hard,chunk,tkhard-tk-351.4-everyday,unseen_articles,everyday,tk,1.00000,1.00000,1.00000,1.00000
tk_hard,chunk,tkhard-tk-351.5-search,seen,search,tk,1.00000,1.00000,1.00000,1.00000
tk_hard,chunk,tkhard-tk-351.5-everyday,seen,everyday,tk,1.00000,1.00000,1.00000,1.00000
tk_hard,chunk,tkhard-tk-351.6-search,seen,search,tk,1.00000,1.00000,1.00000,1.00000
tk_hard,chunk,tkhard-tk-351.6-everyday,seen,everyday,tk,1.00000,1.00000,1.00000,1.00000
tk_hard,chunk,tkhard-tk-351.7-search,seen,search,tk,1.00000,1.00000,1.00000,1.00000
tk_hard,chunk,tkhard-tk-351.7-everyday,seen,everyday,tk,1.00000,1.00000,1.00000,1.00000
tk_hard,chunk,tkhard-tk-351.8-everyday,seen,everyday,tk,1.00000,1.00000,1.00000,1.00000
tk_hard,chunk,tkhard-tk-352-everyday,seen,everyday,tk,1.00000,1.00000,1.00000,1.00000
tk_hard,chunk,tkhard-tk-353-everyday,seen,everyday,tk,0.00000,0.00000,0.00000,0.00000
tk_hard,chunk,tkhard-tk-353.1-search,seen,search,tk,1.00000,1.00000,1.00000,1.00000
tk_hard,chunk,tkhard-tk-353.1-everyday,seen,everyday,tk,0.31546,0.00000,1.00000,0.12500
tk_hard,chunk,tkhard-tk-355-everyday,seen,everyday,tk,0.00000,0.00000,0.00000,0.00000
tk_hard,chunk,tkhard-tk-358-everyday,seen,everyday,tk,1.00000,1.00000,1.00000,1.00000
tk_hard,chunk,tkhard-tk-357-everyday,seen,everyday,tk,0.00000,0.00000,0.00000,0.00000
tk_hard,chunk,tkhard-tk-359-search,seen,search,tk,1.00000,1.00000,1.00000,1.00000
tk_hard,chunk,tkhard-tk-360.1-everyday,seen,everyday,tk,1.00000,1.00000,1.00000,1.00000
tk_hard,chunk,tkhard-tk-361-everyday,seen,everyday,tk,0.50000,1.00000,1.00000,0.33333
tk_hard,chunk,tkhard-tk-362-everyday,seen,everyday,tk,1.00000,1.00000,1.00000,1.00000
tk_hard,chunk,tkhard-tk-363-everyday,seen,everyday,tk,1.00000,1.00000,1.00000,1.00000
tk_hard,chunk,tkhard-tk-365-everyday,seen,everyday,tk,1.00000,1.00000,1.00000,1.00000
tk_hard,chunk,tkhard-tk-366-everyday,seen,everyday,tk,0.63093,1.00000,1.00000,0.50000
tk_hard,chunk,tkhard-tk-366-search,seen,search,tk,1.00000,1.00000,1.00000,1.00000
tk_hard,chunk,tkhard-tk-367-search,seen,search,tk,1.00000,1.00000,1.00000,1.00000
tk_hard,chunk,tkhard-tk-369-everyday,seen,everyday,tk,1.00000,1.00000,1.00000,1.00000
tk_hard,chunk,tkhard-tk-369-search,seen,search,tk,1.00000,1.00000,1.00000,1.00000
tk_hard,chunk,tkhard-tk-370-search,seen,search,tk,1.00000,1.00000,1.00000,1.00000
tk_hard,chunk,tkhard-tk-370-everyday,seen,everyday,tk,1.00000,1.00000,1.00000,1.00000
tk_hard,chunk,tkhard-tk-372-search,seen,search,tk,1.00000,1.00000,1.00000,1.00000
tk_hard,chunk,tkhard-tk-372-everyday,seen,everyday,tk,0.28906,0.00000,1.00000,0.10000
tk_hard,chunk,tkhard-tk-373-search,seen,search,tk,1.00000,1.00000,1.00000,1.00000
tk_hard,chunk,tkhard-tk-373-everyday,seen,everyday,tk,0.63093,1.00000,1.00000,0.50000
tk_hard,chunk,tkhard-tk-375-search,seen,search,tk,0.63093,1.00000,1.00000,0.50000
tk_hard,chunk,tkhard-tk-374-everyday,seen,everyday,tk,1.00000,1.00000,1.00000,1.00000
tk_hard,chunk,tkhard-tk-375-everyday,seen,everyday,tk,1.00000,1.00000,1.00000,1.00000
tk_hard,chunk,tkhard-tk-376-search,seen,search,tk,1.00000,1.00000,1.00000,1.00000
tk_hard,chunk,tkhard-tk-377-search,seen,search,tk,1.00000,1.00000,1.00000,1.00000
tk_hard,chunk,tkhard-tk-376-everyday,seen,everyday,tk,0.50000,1.00000,1.00000,0.33333
tk_hard,chunk,tkhard-tk-377-everyday,seen,everyday,tk,1.00000,1.00000,1.00000,1.00000
tk_hard,chunk,tkhard-tk-378-search,seen,search,tk,1.00000,1.00000,1.00000,1.00000
tk_hard,chunk,tkhard-tk-378-everyday,seen,everyday,tk,0.00000,0.00000,0.00000,0.00000
tk_hard,chunk,tkhard-tk-379-search,unseen_articles,search,tk,1.00000,1.00000,1.00000,1.00000
tk_hard,chunk,tkhard-tk-383-everyday,seen,everyday,tk,0.00000,0.00000,0.00000,0.00000
tk_hard,chunk,tkhard-tk-379-everyday,unseen_articles,everyday,tk,0.00000,0.00000,0.00000,0.00000
tk_hard,chunk,tkhard-tk-384-everyday,seen,everyday,tk,1.00000,1.00000,1.00000,1.00000
tk_hard,chunk,tkhard-tk-385-everyday,seen,everyday,tk,0.63093,1.00000,1.00000,0.50000
tk_hard,chunk,tkhard-tk-386-everyday,seen,everyday,tk,0.33333,0.00000,1.00000,0.14286
tk_hard,chunk,tkhard-tk-387-everyday,seen,everyday,tk,1.00000,1.00000,1.00000,1.00000
tk_hard,chunk,tkhard-tk-388-everyday,seen,everyday,tk,1.00000,1.00000,1.00000,1.00000
tk_hard,chunk,tkhard-tk-389-search,seen,search,tk,1.00000,1.00000,1.00000,1.00000
tk_hard,chunk,tkhard-tk-390-everyday,seen,everyday,tk,0.50000,1.00000,1.00000,0.33333
tk_hard,chunk,tkhard-tk-389-everyday,seen,everyday,tk,1.00000,1.00000,1.00000,1.00000
tk_hard,chunk,tkhard-tk-391-search,seen,search,tk,1.00000,1.00000,1.00000,1.00000
tk_hard,chunk,tkhard-tk-391-everyday,seen,everyday,tk,0.38685,1.00000,1.00000,0.20000
tk_hard,chunk,tkhard-tk-393-search,unseen_articles,search,tk,1.00000,1.00000,1.00000,1.00000
tk_hard,chunk,tkhard-tk-394-search,seen,search,tk,0.50000,1.00000,1.00000,0.33333
tk_hard,chunk,tkhard-tk-393-everyday,unseen_articles,everyday,tk,1.00000,1.00000,1.00000,1.00000
tk_hard,chunk,tkhard-tk-394-everyday,seen,everyday,tk,1.00000,1.00000,1.00000,1.00000
tk_hard,chunk,tkhard-tk-396-everyday,seen,everyday,tk,0.35621,0.00000,1.00000,0.16667
tk_hard,chunk,tkhard-tk-395-everyday,seen,everyday,tk,0.38685,1.00000,1.00000,0.20000
tk_hard,chunk,tkhard-tk-397-search,seen,search,tk,1.00000,1.00000,1.00000,1.00000
tk_hard,chunk,tkhard-tk-398-search,seen,search,tk,1.00000,1.00000,1.00000,1.00000
tk_hard,chunk,tkhard-tk-397-everyday,seen,everyday,tk,1.00000,1.00000,1.00000,1.00000
tk_hard,chunk,tkhard-tk-398-everyday,seen,everyday,tk,0.00000,0.00000,0.00000,0.00000
tk_hard,chunk,tkhard-tk-399-search,seen,search,tk,1.00000,1.00000,1.00000,1.00000
tk_hard,chunk,tkhard-tk-399-everyday,seen,everyday,tk,1.00000,1.00000,1.00000,1.00000
tk_hard,chunk,tkhard-tk-400-search,seen,search,tk,1.00000,1.00000,1.00000,1.00000
tk_hard,chunk,tkhard-tk-400-everyday,seen,everyday,tk,1.00000,1.00000,1.00000,1.00000
tk_hard,chunk,tkhard-tk-402-everyday,seen,everyday,tk,0.50000,1.00000,1.00000,0.33333
tk_hard,chunk,tkhard-tk-401-everyday,seen,everyday,tk,0.28906,0.00000,1.00000,0.10000
tk_hard,chunk,tkhard-tk-403-search,seen,search,tk,1.00000,1.00000,1.00000,1.00000
tk_hard,chunk,tkhard-tk-404-everyday,seen,everyday,tk,1.00000,1.00000,1.00000,1.00000
tk_hard,chunk,tkhard-tk-403-everyday,seen,everyday,tk,1.00000,1.00000,1.00000,1.00000
tk_hard,chunk,tkhard-tk-405-search,seen,search,tk,0.38685,1.00000,1.00000,0.20000
tk_hard,chunk,tkhard-tk-405-everyday,seen,everyday,tk,1.00000,1.00000,1.00000,1.00000
tk_hard,chunk,tkhard-tk-406-everyday,seen,everyday,tk,1.00000,1.00000,1.00000,1.00000
tk_hard,chunk,tkhard-tk-407-search,seen,search,tk,1.00000,1.00000,1.00000,1.00000
tk_hard,chunk,tkhard-tk-407-everyday,seen,everyday,tk,0.63093,1.00000,1.00000,0.50000
tk_hard,chunk,tkhard-tk-408-search,seen,search,tk,0.63093,1.00000,1.00000,0.50000
tk_hard,chunk,tkhard-tk-408-everyday,seen,everyday,tk,0.00000,0.00000,0.00000,0.00000
tk_hard,chunk,tkhard-tk-409-everyday,seen,everyday,tk,1.00000,1.00000,1.00000,1.00000
tk_hard,chunk,tkhard-tk-410-everyday,seen,everyday,tk,1.00000,1.00000,1.00000,1.00000
tk_hard,chunk,tkhard-tk-412-search,seen,search,tk,1.00000,1.00000,1.00000,1.00000
tk_hard,chunk,tkhard-tk-412-everyday,seen,everyday,tk,1.00000,1.00000,1.00000,1.00000
tk_hard,chunk,tkhard-tk-414-search,seen,search,tk,1.00000,1.00000,1.00000,1.00000
tk_hard,chunk,tkhard-tk-414-everyday,seen,everyday,tk,0.50000,1.00000,1.00000,0.33333
tk_hard,chunk,tkhard-tk-413-everyday,seen,everyday,tk,1.00000,1.00000,1.00000,1.00000
tk_hard,chunk,tkhard-tk-415-everyday,seen,everyday,tk,0.35621,0.00000,1.00000,0.16667
tk_hard,chunk,tkhard-tk-416-everyday,seen,everyday,tk,0.00000,0.00000,0.00000,0.00000
tk_hard,chunk,tkhard-tk-417-search,seen,search,tk,1.00000,1.00000,1.00000,1.00000
tk_hard,chunk,tkhard-tk-418-search,seen,search,tk,0.63093,1.00000,1.00000,0.50000
tk_hard,chunk,tkhard-tk-417-everyday,seen,everyday,tk,0.63093,1.00000,1.00000,0.50000
tk_hard,chunk,tkhard-tk-418-everyday,seen,everyday,tk,0.30103,0.00000,1.00000,0.11111
tk_hard,chunk,tkhard-tk-421-search,seen,search,tk,1.00000,1.00000,1.00000,1.00000
tk_hard,chunk,tkhard-tk-419-everyday,seen,everyday,tk,0.00000,0.00000,0.00000,0.00000
tk_hard,chunk,tkhard-tk-421-everyday,seen,everyday,tk,1.00000,1.00000,1.00000,1.00000
tk_hard,chunk,tkhard-tk-422-search,seen,search,tk,1.00000,1.00000,1.00000,1.00000
tk_hard,chunk,tkhard-tk-423-search,seen,search,tk,0.00000,0.00000,0.00000,0.00000
tk_hard,chunk,tkhard-tk-422-everyday,seen,everyday,tk,1.00000,1.00000,1.00000,1.00000
tk_hard,chunk,tkhard-tk-423-everyday,seen,everyday,tk,1.00000,1.00000,1.00000,1.00000
tk_hard,chunk,tkhard-tk-424-search,seen,search,tk,1.00000,1.00000,1.00000,1.00000
tk_hard,chunk,tkhard-tk-424-everyday,seen,everyday,tk,1.00000,1.00000,1.00000,1.00000
dev,chunk_tkfmt,dev-gk-1004,seen,legal,gk,1.00000,1.00000,1.00000,1.00000
dev,chunk_tkfmt,dev-gk-1058,seen,search,gk,1.00000,1.00000,1.00000,1.00000
dev,chunk_tkfmt,dev-gk-1069,seen,search,gk,1.00000,1.00000,1.00000,1.00000
dev,chunk_tkfmt,dev-gk-1026,seen,everyday,gk,0.00000,0.00000,0.00000,0.00000
dev,chunk_tkfmt,dev-gk-1093,seen,legal,gk,1.00000,1.00000,1.00000,1.00000
dev,chunk_tkfmt,dev-gk-1123,seen,search,gk,1.00000,1.00000,1.00000,1.00000
dev,chunk_tkfmt,dev-gk-1118,seen,legal,gk,1.00000,1.00000,1.00000,1.00000
dev,chunk_tkfmt,dev-gk-1137,seen,search,gk,1.00000,1.00000,1.00000,1.00000
dev,chunk_tkfmt,dev-gk-1138,seen,legal,gk,1.00000,1.00000,1.00000,1.00000
dev,chunk_tkfmt,dev-gk-1150,seen,legal,gk,1.00000,1.00000,1.00000,1.00000
dev,chunk_tkfmt,dev-gk-1164,seen,everyday,gk,0.38685,1.00000,1.00000,0.20000
dev,chunk_tkfmt,dev-gk-1165,seen,legal,gk,1.00000,1.00000,1.00000,1.00000
dev,chunk_tkfmt,dev-gk-1172,seen,legal,gk,1.00000,1.00000,1.00000,1.00000
dev,chunk_tkfmt,dev-gk-1176,seen,search,gk,1.00000,1.00000,1.00000,1.00000
dev,chunk_tkfmt,dev-gk-12,seen,search,gk,1.00000,1.00000,1.00000,1.00000
dev,chunk_tkfmt,dev-gk-1191,seen,legal,gk,1.00000,1.00000,1.00000,1.00000
dev,chunk_tkfmt,dev-gk-1188,seen,everyday,gk,1.00000,1.00000,1.00000,1.00000
dev,chunk_tkfmt,dev-gk-1216.1,seen,legal,gk,1.00000,1.00000,1.00000,1.00000
dev,chunk_tkfmt,dev-gk-123.16-2,seen,legal,gk,1.00000,1.00000,1.00000,1.00000
dev,chunk_tkfmt,dev-gk-1228,seen,everyday,gk,0.63093,1.00000,1.00000,0.50000
dev,chunk_tkfmt,dev-gk-123.9,seen,legal,gk,1.00000,1.00000,1.00000,1.00000
dev,chunk_tkfmt,dev-gk-1232,seen,legal,gk,1.00000,1.00000,1.00000,1.00000
dev,chunk_tkfmt,dev-gk-125,seen,search,gk,1.00000,1.00000,1.00000,1.00000
dev,chunk_tkfmt,dev-gk-1240,seen,everyday,gk,0.00000,0.00000,0.00000,0.00000
dev,chunk_tkfmt,dev-gk-1289,seen,search,gk,1.00000,1.00000,1.00000,1.00000
dev,chunk_tkfmt,dev-gk-1307,seen,legal,gk,1.00000,1.00000,1.00000,1.00000
dev,chunk_tkfmt,dev-gk-1303,seen,everyday,gk,0.00000,0.00000,0.00000,0.00000
dev,chunk_tkfmt,dev-gk-1316,seen,legal,gk,1.00000,1.00000,1.00000,1.00000
dev,chunk_tkfmt,dev-gk-1355,seen,search,gk,1.00000,1.00000,1.00000,1.00000
dev,chunk_tkfmt,dev-gk-1336,seen,everyday,gk,1.00000,1.00000,1.00000,1.00000
dev,chunk_tkfmt,dev-gk-1317,seen,everyday,gk,1.00000,1.00000,1.00000,1.00000
dev,chunk_tkfmt,dev-gk-1383,seen,everyday,gk,1.00000,1.00000,1.00000,1.00000
dev,chunk_tkfmt,dev-gk-141.1,seen,legal,gk,1.00000,1.00000,1.00000,1.00000
dev,chunk_tkfmt,dev-gk-1429,seen,legal,gk,1.00000,1.00000,1.00000,1.00000
dev,chunk_tkfmt,dev-gk-1434,seen,legal,gk,1.00000,1.00000,1.00000,1.00000
dev,chunk_tkfmt,dev-gk-1469,seen,everyday,gk,1.00000,1.00000,1.00000,1.00000
dev,chunk_tkfmt,dev-gk-147.1,seen,legal,gk,1.00000,1.00000,1.00000,1.00000
dev,chunk_tkfmt,dev-gk-1482,seen,search,gk,1.00000,1.00000,1.00000,1.00000
dev,chunk_tkfmt,dev-gk-1489,seen,legal,gk,1.00000,1.00000,1.00000,1.00000
dev,chunk_tkfmt,dev-gk-1516,seen,legal,gk,1.00000,1.00000,1.00000,1.00000
dev,chunk_tkfmt,dev-gk-15,seen,everyday,gk,0.00000,0.00000,0.00000,0.00000
dev,chunk_tkfmt,dev-gk-152,seen,everyday,gk,0.63093,1.00000,1.00000,0.50000
dev,chunk_tkfmt,dev-gk-1522,seen,everyday,gk,1.00000,1.00000,1.00000,1.00000
dev,chunk_tkfmt,dev-gk-160,seen,everyday,gk,1.00000,1.00000,1.00000,1.00000
dev,chunk_tkfmt,dev-gk-174.1,seen,everyday,gk,0.00000,0.00000,0.00000,0.00000
dev,chunk_tkfmt,dev-gk-163,seen,everyday,gk,0.50000,1.00000,1.00000,0.33333
dev,chunk_tkfmt,dev-gk-197,seen,legal,gk,1.00000,1.00000,1.00000,1.00000
dev,chunk_tkfmt,dev-gk-21,seen,search,gk,1.00000,1.00000,1.00000,1.00000
dev,chunk_tkfmt,dev-gk-20,seen,everyday,gk,0.00000,0.00000,0.00000,0.00000
dev,chunk_tkfmt,dev-gk-214,seen,everyday,gk,1.00000,1.00000,1.00000,1.00000
dev,chunk_tkfmt,dev-gk-250,seen,search,gk,1.00000,1.00000,1.00000,1.00000
dev,chunk_tkfmt,dev-gk-253,seen,search,gk,1.00000,1.00000,1.00000,1.00000
dev,chunk_tkfmt,dev-gk-22,seen,everyday,gk,1.00000,1.00000,1.00000,1.00000
dev,chunk_tkfmt,dev-gk-232,seen,everyday,gk,1.00000,1.00000,1.00000,1.00000
dev,chunk_tkfmt,dev-gk-287.4,seen,search,gk,0.50000,1.00000,1.00000,0.33333
dev,chunk_tkfmt,dev-gk-258,seen,legal,gk,1.00000,1.00000,1.00000,1.00000
dev,chunk_tkfmt,dev-gk-319.1,seen,search,gk,0.43068,1.00000,1.00000,0.25000
dev,chunk_tkfmt,dev-gk-388.1,seen,search,gk,1.00000,1.00000,1.00000,1.00000
dev,chunk_tkfmt,dev-gk-428,seen,search,gk,1.00000,1.00000,1.00000,1.00000
dev,chunk_tkfmt,dev-gk-438,seen,search,gk,1.00000,1.00000,1.00000,1.00000
dev,chunk_tkfmt,dev-gk-452,seen,search,gk,1.00000,1.00000,1.00000,1.00000
dev,chunk_tkfmt,dev-gk-429.4,seen,legal,gk,1.00000,1.00000,1.00000,1.00000
dev,chunk_tkfmt,dev-gk-479,seen,search,gk,1.00000,1.00000,1.00000,1.00000
dev,chunk_tkfmt,dev-gk-470,seen,everyday,gk,0.00000,0.00000,0.00000,0.00000
dev,chunk_tkfmt,dev-gk-487,seen,everyday,gk,0.63093,1.00000,1.00000,0.50000
dev,chunk_tkfmt,dev-gk-499,seen,everyday,gk,0.63093,1.00000,1.00000,0.50000
dev,chunk_tkfmt,dev-gk-50.1,seen,legal,gk,1.00000,1.00000,1.00000,1.00000
dev,chunk_tkfmt,dev-gk-506,seen,search,gk,1.00000,1.00000,1.00000,1.00000
dev,chunk_tkfmt,dev-gk-502,seen,everyday,gk,0.63093,1.00000,1.00000,0.50000
dev,chunk_tkfmt,dev-gk-523,seen,legal,gk,1.00000,1.00000,1.00000,1.00000
dev,chunk_tkfmt,dev-gk-561,seen,search,gk,1.00000,1.00000,1.00000,1.00000
dev,chunk_tkfmt,dev-gk-563,seen,legal,gk,1.00000,1.00000,1.00000,1.00000
dev,chunk_tkfmt,dev-gk-564,seen,search,gk,0.50000,1.00000,1.00000,0.33333
dev,chunk_tkfmt,dev-gk-53.1,seen,everyday,gk,0.38685,1.00000,1.00000,0.20000
dev,chunk_tkfmt,dev-gk-586,seen,search,gk,1.00000,1.00000,1.00000,1.00000
dev,chunk_tkfmt,dev-gk-584,seen,search,gk,1.00000,1.00000,1.00000,1.00000
dev,chunk_tkfmt,dev-gk-616,seen,search,gk,1.00000,1.00000,1.00000,1.00000
dev,chunk_tkfmt,dev-gk-634,seen,search,gk,0.50000,1.00000,1.00000,0.33333
dev,chunk_tkfmt,dev-gk-62,seen,legal,gk,0.63093,1.00000,1.00000,0.50000
dev,chunk_tkfmt,dev-gk-682,seen,legal,gk,0.63093,1.00000,1.00000,0.50000
dev,chunk_tkfmt,dev-gk-730,seen,search,gk,1.00000,1.00000,1.00000,1.00000
dev,chunk_tkfmt,dev-gk-72,seen,legal,gk,1.00000,1.00000,1.00000,1.00000
dev,chunk_tkfmt,dev-gk-750,seen,legal,gk,1.00000,1.00000,1.00000,1.00000
dev,chunk_tkfmt,dev-gk-788,seen,search,gk,0.50000,1.00000,1.00000,0.33333
dev,chunk_tkfmt,dev-gk-761,seen,legal,gk,1.00000,1.00000,1.00000,1.00000
dev,chunk_tkfmt,dev-gk-789,seen,legal,gk,1.00000,1.00000,1.00000,1.00000
dev,chunk_tkfmt,dev-gk-774,seen,everyday,gk,1.00000,1.00000,1.00000,1.00000
dev,chunk_tkfmt,dev-gk-799,seen,everyday,gk,1.00000,1.00000,1.00000,1.00000
dev,chunk_tkfmt,dev-gk-800,seen,search,gk,1.00000,1.00000,1.00000,1.00000
dev,chunk_tkfmt,dev-gk-831,seen,legal,gk,1.00000,1.00000,1.00000,1.00000
dev,chunk_tkfmt,dev-gk-844,seen,legal,gk,1.00000,1.00000,1.00000,1.00000
dev,chunk_tkfmt,dev-gk-833,seen,everyday,gk,1.00000,1.00000,1.00000,1.00000
dev,chunk_tkfmt,dev-gk-845,seen,legal,gk,0.63093,1.00000,1.00000,0.50000
dev,chunk_tkfmt,dev-gk-848,seen,legal,gk,1.00000,1.00000,1.00000,1.00000
dev,chunk_tkfmt,dev-gk-853,seen,legal,gk,1.00000,1.00000,1.00000,1.00000
dev,chunk_tkfmt,dev-gk-860.2,seen,legal,gk,1.00000,1.00000,1.00000,1.00000
dev,chunk_tkfmt,dev-gk-861,seen,search,gk,1.00000,1.00000,1.00000,1.00000
dev,chunk_tkfmt,dev-gk-87,seen,search,gk,0.43068,1.00000,1.00000,0.25000
dev,chunk_tkfmt,dev-gk-896,seen,legal,gk,1.00000,1.00000,1.00000,1.00000
dev,chunk_tkfmt,dev-gk-891,seen,everyday,gk,0.00000,0.00000,0.00000,0.00000
dev,chunk_tkfmt,dev-gk-904,seen,everyday,gk,0.50000,1.00000,1.00000,0.33333
dev,chunk_tkfmt,dev-gk-905,seen,search,gk,1.00000,1.00000,1.00000,1.00000
dev,chunk_tkfmt,dev-gk-916,seen,legal,gk,1.00000,1.00000,1.00000,1.00000
dev,chunk_tkfmt,dev-gk-951,seen,everyday,gk,1.00000,1.00000,1.00000,1.00000
dev,chunk_tkfmt,dev-gk-979,seen,everyday,gk,1.00000,1.00000,1.00000,1.00000
dev,chunk_tkfmt,dev-koap-1.3,seen,everyday,koap,0.00000,0.00000,0.00000,0.00000
dev,chunk_tkfmt,dev-gk-980,seen,everyday,gk,1.00000,1.00000,1.00000,1.00000
dev,chunk_tkfmt,dev-koap-11.27,seen,search,koap,1.00000,1.00000,1.00000,1.00000
dev,chunk_tkfmt,dev-koap-11.30,seen,search,koap,1.00000,1.00000,1.00000,1.00000
dev,chunk_tkfmt,dev-koap-11.10,seen,everyday,koap,1.00000,1.00000,1.00000,1.00000
dev,chunk_tkfmt,dev-koap-11.8,seen,legal,koap,1.00000,1.00000,1.00000,1.00000
dev,chunk_tkfmt,dev-koap-12.10,seen,everyday,koap,1.00000,1.00000,1.00000,1.00000
dev,chunk_tkfmt,dev-koap-12.6,seen,everyday,koap,1.00000,1.00000,1.00000,1.00000
dev,chunk_tkfmt,dev-koap-12.9,seen,legal,koap,1.00000,1.00000,1.00000,1.00000
dev,chunk_tkfmt,dev-koap-13.27.1,seen,legal,koap,1.00000,1.00000,1.00000,1.00000
dev,chunk_tkfmt,dev-koap-13.19.2,seen,everyday,koap,1.00000,1.00000,1.00000,1.00000
dev,chunk_tkfmt,dev-koap-14.17.1,seen,search,koap,1.00000,1.00000,1.00000,1.00000
dev,chunk_tkfmt,dev-koap-13.40.1,seen,legal,koap,1.00000,1.00000,1.00000,1.00000
dev,chunk_tkfmt,dev-koap-14.4.4,seen,search,koap,1.00000,1.00000,1.00000,1.00000
dev,chunk_tkfmt,dev-koap-14.3,seen,everyday,koap,1.00000,1.00000,1.00000,1.00000
dev,chunk_tkfmt,dev-koap-14.36,seen,everyday,koap,1.00000,1.00000,1.00000,1.00000
dev,chunk_tkfmt,dev-koap-14.53.1,seen,search,koap,1.00000,1.00000,1.00000,1.00000
dev,chunk_tkfmt,dev-koap-15.36,seen,search,koap,1.00000,1.00000,1.00000,1.00000
dev,chunk_tkfmt,dev-koap-15.26.1,seen,legal,koap,1.00000,1.00000,1.00000,1.00000
dev,chunk_tkfmt,dev-koap-15.33.2,seen,legal,koap,1.00000,1.00000,1.00000,1.00000
dev,chunk_tkfmt,dev-koap-15.46,seen,legal,koap,1.00000,1.00000,1.00000,1.00000
dev,chunk_tkfmt,dev-koap-16.12,seen,search,koap,1.00000,1.00000,1.00000,1.00000
dev,chunk_tkfmt,dev-koap-17.7,seen,everyday,koap,1.00000,1.00000,1.00000,1.00000
dev,chunk_tkfmt,dev-koap-16.13,seen,legal,koap,1.00000,1.00000,1.00000,1.00000
dev,chunk_tkfmt,dev-koap-18.11,seen,everyday,koap,0.50000,1.00000,1.00000,0.33333
dev,chunk_tkfmt,dev-koap-18.21,seen,search,koap,1.00000,1.00000,1.00000,1.00000
dev,chunk_tkfmt,dev-koap-18.6,seen,search,koap,1.00000,1.00000,1.00000,1.00000
dev,chunk_tkfmt,dev-koap-19.17,seen,search,koap,1.00000,1.00000,1.00000,1.00000
dev,chunk_tkfmt,dev-koap-18.14,seen,everyday,koap,0.50000,1.00000,1.00000,0.33333
dev,chunk_tkfmt,dev-koap-19.31,seen,legal,koap,1.00000,1.00000,1.00000,1.00000
dev,chunk_tkfmt,dev-koap-2.6,seen,everyday,koap,0.00000,0.00000,0.00000,0.00000
dev,chunk_tkfmt,dev-koap-2.7,seen,everyday,koap,0.00000,0.00000,0.00000,0.00000
dev,chunk_tkfmt,dev-koap-20.15,seen,everyday,koap,0.35621,0.00000,1.00000,0.16667
dev,chunk_tkfmt,dev-koap-20.19,seen,legal,koap,1.00000,1.00000,1.00000,1.00000
dev,chunk_tkfmt,dev-koap-21.2,seen,search,koap,1.00000,1.00000,1.00000,1.00000
dev,chunk_tkfmt,dev-koap-20.9,seen,everyday,koap,1.00000,1.00000,1.00000,1.00000
dev,chunk_tkfmt,dev-koap-20.2.2,seen,everyday,koap,1.00000,1.00000,1.00000,1.00000
dev,chunk_tkfmt,dev-koap-21.7,seen,legal,koap,1.00000,1.00000,1.00000,1.00000
dev,chunk_tkfmt,dev-koap-23.29,seen,search,koap,1.00000,1.00000,1.00000,1.00000
dev,chunk_tkfmt,dev-koap-23.22,seen,everyday,koap,1.00000,1.00000,1.00000,1.00000
dev,chunk_tkfmt,dev-koap-23.68,seen,search,koap,0.00000,0.00000,0.00000,0.00000
dev,chunk_tkfmt,dev-koap-23.4,seen,legal,koap,1.00000,1.00000,1.00000,1.00000
dev,chunk_tkfmt,dev-koap-23.7.2,seen,search,koap,1.00000,1.00000,1.00000,1.00000
dev,chunk_tkfmt,dev-koap-23.74,seen,search,koap,1.00000,1.00000,1.00000,1.00000
dev,chunk_tkfmt,dev-koap-23.93,seen,everyday,koap,1.00000,1.00000,1.00000,1.00000
dev,chunk_tkfmt,dev-koap-23.98,seen,legal,koap,0.63093,1.00000,1.00000,0.50000
dev,chunk_tkfmt,dev-koap-26.7,seen,search,koap,1.00000,1.00000,1.00000,1.00000
dev,chunk_tkfmt,dev-koap-26.6,seen,legal,koap,1.00000,1.00000,1.00000,1.00000
dev,chunk_tkfmt,dev-koap-25.9,seen,everyday,koap,1.00000,1.00000,1.00000,1.00000
dev,chunk_tkfmt,dev-koap-28.6,seen,search,koap,1.00000,1.00000,1.00000,1.00000
dev,chunk_tkfmt,dev-koap-29.1.6,seen,legal,koap,1.00000,1.00000,1.00000,1.00000
dev,chunk_tkfmt,dev-koap-29.10,seen,everyday,koap,0.38685,1.00000,1.00000,0.20000
dev,chunk_tkfmt,dev-koap-31.12,seen,search,koap,1.00000,1.00000,1.00000,1.00000
dev,chunk_tkfmt,dev-koap-30.9,seen,everyday,koap,0.35621,0.00000,1.00000,0.16667
dev,chunk_tkfmt,dev-koap-32.12,seen,search,koap,1.00000,1.00000,1.00000,1.00000
dev,chunk_tkfmt,dev-koap-5.1,seen,legal,koap,1.00000,1.00000,1.00000,1.00000
dev,chunk_tkfmt,dev-koap-5.17,seen,legal,koap,1.00000,1.00000,1.00000,1.00000
dev,chunk_tkfmt,dev-koap-5.22,seen,legal,koap,1.00000,1.00000,1.00000,1.00000
dev,chunk_tkfmt,dev-koap-5.33,seen,search,koap,1.00000,1.00000,1.00000,1.00000
dev,chunk_tkfmt,dev-koap-5.31,seen,legal,koap,1.00000,1.00000,1.00000,1.00000
dev,chunk_tkfmt,dev-koap-5.6,seen,search,koap,0.43068,1.00000,1.00000,0.25000
dev,chunk_tkfmt,dev-koap-7.28,seen,everyday,koap,1.00000,1.00000,1.00000,1.00000
dev,chunk_tkfmt,dev-koap-7.30.3,seen,search,koap,1.00000,1.00000,1.00000,1.00000
dev,chunk_tkfmt,dev-koap-7.30.6,seen,everyday,koap,1.00000,1.00000,1.00000,1.00000
dev,chunk_tkfmt,dev-koap-8.12,seen,search,koap,0.50000,1.00000,1.00000,0.33333
dev,chunk_tkfmt,dev-koap-8.49,seen,search,koap,0.00000,0.00000,0.00000,0.00000
dev,chunk_tkfmt,dev-koap-7.33,seen,everyday,koap,0.38685,1.00000,1.00000,0.20000
dev,chunk_tkfmt,dev-koap-8.53,seen,legal,koap,1.00000,1.00000,1.00000,1.00000
dev,chunk_tkfmt,dev-koap-8.7,seen,legal,koap,1.00000,1.00000,1.00000,1.00000
dev,chunk_tkfmt,dev-tk-115,seen,legal,tk,1.00000,1.00000,1.00000,1.00000
dev,chunk_tkfmt,dev-tk-15,seen,search,tk,1.00000,1.00000,1.00000,1.00000
dev,chunk_tkfmt,dev-tk-105,seen,everyday,tk,1.00000,1.00000,1.00000,1.00000
dev,chunk_tkfmt,dev-tk-168.1,seen,search,tk,1.00000,1.00000,1.00000,1.00000
dev,chunk_tkfmt,dev-tk-163,seen,everyday,tk,0.00000,0.00000,0.00000,0.00000
dev,chunk_tkfmt,dev-tk-167,seen,everyday,tk,1.00000,1.00000,1.00000,1.00000
dev,chunk_tkfmt,dev-tk-185.1,seen,search,tk,1.00000,1.00000,1.00000,1.00000
dev,chunk_tkfmt,dev-tk-188,seen,search,tk,1.00000,1.00000,1.00000,1.00000
dev,chunk_tkfmt,dev-tk-182,seen,everyday,tk,0.50000,1.00000,1.00000,0.33333
dev,chunk_tkfmt,dev-tk-227,seen,search,tk,0.43068,1.00000,1.00000,0.25000
dev,chunk_tkfmt,dev-tk-22.1,seen,legal,tk,1.00000,1.00000,1.00000,1.00000
dev,chunk_tkfmt,dev-tk-228.1,seen,search,tk,1.00000,1.00000,1.00000,1.00000
dev,chunk_tkfmt,dev-tk-241,seen,legal,tk,1.00000,1.00000,1.00000,1.00000
dev,chunk_tkfmt,dev-tk-252,seen,search,tk,0.43068,1.00000,1.00000,0.25000
dev,chunk_tkfmt,dev-tk-315,seen,legal,tk,0.00000,0.00000,0.00000,0.00000
dev,chunk_tkfmt,dev-tk-312.7,seen,legal,tk,1.00000,1.00000,1.00000,1.00000
dev,chunk_tkfmt,dev-tk-262.2,seen,everyday,tk,1.00000,1.00000,1.00000,1.00000
dev,chunk_tkfmt,dev-tk-335,seen,search,tk,1.00000,1.00000,1.00000,1.00000
dev,chunk_tkfmt,dev-tk-330.5,seen,legal,tk,1.00000,1.00000,1.00000,1.00000
dev,chunk_tkfmt,dev-tk-330.2,seen,everyday,tk,1.00000,1.00000,1.00000,1.00000
dev,chunk_tkfmt,dev-tk-340,seen,legal,tk,1.00000,1.00000,1.00000,1.00000
dev,chunk_tkfmt,dev-tk-341.2-1,seen,legal,tk,1.00000,1.00000,1.00000,1.00000
dev,chunk_tkfmt,dev-tk-341,seen,everyday,tk,1.00000,1.00000,1.00000,1.00000
dev,chunk_tkfmt,dev-tk-343,seen,everyday,tk,0.63093,1.00000,1.00000,0.50000
dev,chunk_tkfmt,dev-tk-349.3,seen,everyday,tk,0.43068,1.00000,1.00000,0.25000
dev,chunk_tkfmt,dev-tk-368,seen,legal,tk,1.00000,1.00000,1.00000,1.00000
dev,chunk_tkfmt,dev-tk-381,seen,search,tk,1.00000,1.00000,1.00000,1.00000
dev,chunk_tkfmt,dev-tk-392,seen,legal,tk,1.00000,1.00000,1.00000,1.00000
dev,chunk_tkfmt,dev-tk-42,seen,legal,tk,1.00000,1.00000,1.00000,1.00000
dev,chunk_tkfmt,dev-tk-43,seen,everyday,tk,1.00000,1.00000,1.00000,1.00000
dev,chunk_tkfmt,dev-tk-5,seen,search,tk,0.30103,0.00000,1.00000,0.11111
dev,chunk_tkfmt,dev-tk-45,seen,everyday,tk,0.50000,1.00000,1.00000,0.33333
dev,chunk_tkfmt,dev-zhk-119,seen,search,zhk,1.00000,1.00000,1.00000,1.00000
dev,chunk_tkfmt,dev-zhk-10,seen,everyday,zhk,0.00000,0.00000,0.00000,0.00000
dev,chunk_tkfmt,dev-zhk-133,seen,search,zhk,1.00000,1.00000,1.00000,1.00000
dev,chunk_tkfmt,dev-tk-88,seen,everyday,tk,1.00000,1.00000,1.00000,1.00000
dev,chunk_tkfmt,dev-zhk-149,seen,search,zhk,1.00000,1.00000,1.00000,1.00000
dev,chunk_tkfmt,dev-zhk-168,seen,search,zhk,1.00000,1.00000,1.00000,1.00000
dev,chunk_tkfmt,dev-zhk-187,seen,search,zhk,1.00000,1.00000,1.00000,1.00000
dev,chunk_tkfmt,dev-zhk-170,seen,everyday,zhk,1.00000,1.00000,1.00000,1.00000
dev,chunk_tkfmt,dev-zhk-172,seen,everyday,zhk,0.50000,1.00000,1.00000,0.33333
dev,chunk_tkfmt,dev-zhk-47,seen,search,zhk,0.63093,1.00000,1.00000,0.50000
dev,chunk_tkfmt,dev-zhk-198,seen,legal,zhk,1.00000,1.00000,1.00000,1.00000
dev,chunk_tkfmt,dev-zhk-26,seen,legal,zhk,1.00000,1.00000,1.00000,1.00000
dev,chunk_tkfmt,dev-zhk-93,seen,search,zhk,0.63093,1.00000,1.00000,0.50000
dev,chunk_tkfmt,dev-zhk-48,seen,everyday,zhk,1.00000,1.00000,1.00000,1.00000
dev,chunk_tkfmt,dev-zhk-74,seen,everyday,zhk,1.00000,1.00000,1.00000,1.00000
dev,chunk_tkfmt,dev-zhk-98.1,seen,legal,zhk,1.00000,1.00000,1.00000,1.00000
dev,chunk_tkfmt,dev-gk-1173,unseen_articles,search,gk,0.63093,1.00000,1.00000,0.50000
dev,chunk_tkfmt,dev-gk-1206,unseen_articles,search,gk,0.50000,1.00000,1.00000,0.33333
dev,chunk_tkfmt,dev-gk-1347,unseen_articles,search,gk,1.00000,1.00000,1.00000,1.00000
dev,chunk_tkfmt,dev-gk-1257,unseen_articles,legal,gk,1.00000,1.00000,1.00000,1.00000
dev,chunk_tkfmt,dev-gk-1279,unseen_articles,search,gk,1.00000,1.00000,1.00000,1.00000
dev,chunk_tkfmt,dev-gk-141.2,unseen_articles,everyday,gk,0.00000,0.00000,0.00000,0.00000
dev,chunk_tkfmt,dev-gk-1360.1,unseen_articles,everyday,gk,1.00000,1.00000,1.00000,1.00000
dev,chunk_tkfmt,dev-gk-1379,unseen_articles,everyday,gk,1.00000,1.00000,1.00000,1.00000
dev,chunk_tkfmt,dev-gk-149.3,unseen_articles,search,gk,0.38685,1.00000,1.00000,0.20000
dev,chunk_tkfmt,dev-gk-1524,unseen_articles,search,gk,0.63093,1.00000,1.00000,0.50000
dev,chunk_tkfmt,dev-gk-155,unseen_articles,legal,gk,1.00000,1.00000,1.00000,1.00000
dev,chunk_tkfmt,dev-gk-244,unseen_articles,legal,gk,1.00000,1.00000,1.00000,1.00000
dev,chunk_tkfmt,dev-gk-271,unseen_articles,legal,gk,1.00000,1.00000,1.00000,1.00000
dev,chunk_tkfmt,dev-gk-33,unseen_articles,legal,gk,0.38685,1.00000,1.00000,0.20000
dev,chunk_tkfmt,dev-gk-32,unseen_articles,everyday,gk,0.38685,1.00000,1.00000,0.20000
dev,chunk_tkfmt,dev-gk-358.1,unseen_articles,legal,gk,1.00000,1.00000,1.00000,1.00000
dev,chunk_tkfmt,dev-gk-475,unseen_articles,search,gk,0.38685,1.00000,1.00000,0.20000
dev,chunk_tkfmt,dev-gk-358.3,unseen_articles,everyday,gk,1.00000,1.00000,1.00000,1.00000
dev,chunk_tkfmt,dev-gk-48,unseen_articles,everyday,gk,1.00000,1.00000,1.00000,1.00000
dev,chunk_tkfmt,dev-gk-516,unseen_articles,legal,gk,1.00000,1.00000,1.00000,1.00000
dev,chunk_tkfmt,dev-gk-496,unseen_articles,everyday,gk,0.63093,1.00000,1.00000,0.50000
dev,chunk_tkfmt,dev-gk-533,unseen_articles,search,gk,0.43068,1.00000,1.00000,0.25000
dev,chunk_tkfmt,dev-gk-589,unseen_articles,search,gk,1.00000,1.00000,1.00000,1.00000
dev,chunk_tkfmt,dev-gk-686,unseen_articles,everyday,gk,1.00000,1.00000,1.00000,1.00000
dev,chunk_tkfmt,dev-gk-66.3,unseen_articles,everyday,gk,1.00000,1.00000,1.00000,1.00000
dev,chunk_tkfmt,dev-gk-764,unseen_articles,search,gk,1.00000,1.00000,1.00000,1.00000
dev,chunk_tkfmt,dev-gk-734,unseen_articles,everyday,gk,1.00000,1.00000,1.00000,1.00000
dev,chunk_tkfmt,dev-gk-8.1,unseen_articles,everyday,gk,0.63093,1.00000,1.00000,0.50000
dev,chunk_tkfmt,dev-gk-843,unseen_articles,search,gk,1.00000,1.00000,1.00000,1.00000
dev,chunk_tkfmt,dev-gk-834,unseen_articles,legal,gk,1.00000,1.00000,1.00000,1.00000
dev,chunk_tkfmt,dev-gk-859.1,unseen_articles,everyday,gk,1.00000,1.00000,1.00000,1.00000
dev,chunk_tkfmt,dev-gk-875,unseen_articles,everyday,gk,0.00000,0.00000,0.00000,0.00000
dev,chunk_tkfmt,dev-gk-884,unseen_articles,legal,gk,1.00000,1.00000,1.00000,1.00000
dev,chunk_tkfmt,dev-gk-944,unseen_articles,search,gk,0.63093,1.00000,1.00000,0.50000
dev,chunk_tkfmt,dev-gk-969,unseen_articles,legal,gk,1.00000,1.00000,1.00000,1.00000
dev,chunk_tkfmt,dev-gk-94,unseen_articles,legal,gk,0.63093,1.00000,1.00000,0.50000
dev,chunk_tkfmt,dev-koap-1.2,unseen_articles,legal,koap,1.00000,1.00000,1.00000,1.00000
dev,chunk_tkfmt,dev-koap-11.8.1,unseen_articles,legal,koap,1.00000,1.00000,1.00000,1.00000
dev,chunk_tkfmt,dev-koap-13.19.5,unseen_articles,search,koap,0.00000,0.00000,0.00000,0.00000
dev,chunk_tkfmt,dev-koap-11.14,unseen_articles,everyday,koap,1.00000,1.00000,1.00000,1.00000
dev,chunk_tkfmt,dev-koap-13.10,unseen_articles,everyday,koap,1.00000,1.00000,1.00000,1.00000
dev,chunk_tkfmt,dev-koap-13.28,unseen_articles,search,koap,0.50000,1.00000,1.00000,0.33333
dev,chunk_tkfmt,dev-koap-13.33,unseen_articles,search,koap,0.63093,1.00000,1.00000,0.50000
dev,chunk_tkfmt,dev-koap-14.10,unseen_articles,everyday,koap,0.50000,1.00000,1.00000,0.33333
dev,chunk_tkfmt,dev-koap-15.13,unseen_articles,legal,koap,1.00000,1.00000,1.00000,1.00000
dev,chunk_tkfmt,dev-koap-16.4,unseen_articles,legal,koap,1.00000,1.00000,1.00000,1.00000
dev,chunk_tkfmt,dev-koap-15.37.1,unseen_articles,everyday,koap,1.00000,1.00000,1.00000,1.00000
dev,chunk_tkfmt,dev-koap-19.21,unseen_articles,search,koap,1.00000,1.00000,1.00000,1.00000
dev,chunk_tkfmt,dev-koap-19.18,unseen_articles,everyday,koap,1.00000,1.00000,1.00000,1.00000
dev,chunk_tkfmt,dev-koap-19.6,unseen_articles,legal,koap,1.00000,1.00000,1.00000,1.00000
dev,chunk_tkfmt,dev-koap-19.8.1,unseen_articles,search,koap,0.00000,0.00000,0.00000,0.00000
dev,chunk_tkfmt,dev-koap-19.7.5-1,unseen_articles,legal,koap,1.00000,1.00000,1.00000,1.00000
dev,chunk_tkfmt,dev-koap-20.10,unseen_articles,everyday,koap,0.63093,1.00000,1.00000,0.50000
dev,chunk_tkfmt,dev-koap-23.28,unseen_articles,search,koap,1.00000,1.00000,1.00000,1.00000
dev,chunk_tkfmt,dev-koap-23.77,unseen_articles,legal,koap,1.00000,1.00000,1.00000,1.00000
dev,chunk_tkfmt,dev-koap-27.1,unseen_articles,search,koap,1.00000,1.00000,1.00000,1.00000
dev,chunk_tkfmt,dev-koap-5.66,unseen_articles,everyday,koap,1.00000,1.00000,1.00000,1.00000
dev,chunk_tkfmt,dev-koap-8.24,unseen_articles,everyday,koap,0.50000,1.00000,1.00000,0.33333
dev,chunk_tkfmt,dev-tk-151,unseen_articles,search,tk,1.00000,1.00000,1.00000,1.00000
dev,chunk_tkfmt,dev-tk-134,unseen_articles,legal,tk,1.00000,1.00000,1.00000,1.00000
dev,chunk_tkfmt,dev-tk-154,unseen_articles,search,tk,1.00000,1.00000,1.00000,1.00000
dev,chunk_tkfmt,dev-tk-311,unseen_articles,search,tk,0.50000,1.00000,1.00000,0.33333
dev,chunk_tkfmt,dev-tk-321,unseen_articles,everyday,tk,1.00000,1.00000,1.00000,1.00000
dev,chunk_tkfmt,dev-tk-328.1,unseen_articles,legal,tk,1.00000,1.00000,1.00000,1.00000
dev,chunk_tkfmt,dev-tk-336,unseen_articles,legal,tk,1.00000,1.00000,1.00000,1.00000
dev,chunk_tkfmt,dev-tk-46,unseen_articles,legal,tk,1.00000,1.00000,1.00000,1.00000
dev,chunk_tkfmt,dev-tk-60.2,unseen_articles,legal,tk,1.00000,1.00000,1.00000,1.00000
dev,chunk_tkfmt,dev-tk-47,unseen_articles,everyday,tk,1.00000,1.00000,1.00000,1.00000
dev,chunk_tkfmt,dev-zhk-118,unseen_articles,search,zhk,1.00000,1.00000,1.00000,1.00000
dev,chunk_tkfmt,dev-tk-84,unseen_articles,legal,tk,1.00000,1.00000,1.00000,1.00000
dev,chunk_tkfmt,dev-zhk-152,unseen_articles,legal,zhk,1.00000,1.00000,1.00000,1.00000
dev,chunk_tkfmt,dev-zhk-20,unseen_articles,search,zhk,0.63093,1.00000,1.00000,0.50000
dev,chunk_tkfmt,dev-zhk-22,unseen_articles,search,zhk,1.00000,1.00000,1.00000,1.00000
dev,chunk_tkfmt,dev-zhk-91.1,unseen_articles,everyday,zhk,0.35621,0.00000,1.00000,0.16667
test,chunk_tkfmt,test-gk-1,seen,search,gk,1.00000,1.00000,1.00000,1.00000
test,chunk_tkfmt,test-gk-1017,seen,legal,gk,1.00000,1.00000,1.00000,1.00000
test,chunk_tkfmt,test-gk-1049,seen,search,gk,1.00000,1.00000,1.00000,1.00000
test,chunk_tkfmt,test-gk-1000,seen,everyday,gk,0.33333,0.00000,1.00000,0.14286
test,chunk_tkfmt,test-gk-1056,seen,search,gk,1.00000,1.00000,1.00000,1.00000
test,chunk_tkfmt,test-gk-1046,seen,everyday,gk,1.00000,1.00000,1.00000,1.00000
test,chunk_tkfmt,test-gk-1070,seen,legal,gk,1.00000,1.00000,1.00000,1.00000
test,chunk_tkfmt,test-gk-1077,seen,legal,gk,1.00000,1.00000,1.00000,1.00000
test,chunk_tkfmt,test-gk-1075,seen,everyday,gk,0.63093,1.00000,1.00000,0.50000
test,chunk_tkfmt,test-gk-1090,seen,search,gk,1.00000,1.00000,1.00000,1.00000
test,chunk_tkfmt,test-gk-1085,seen,everyday,gk,0.50000,1.00000,1.00000,0.33333
test,chunk_tkfmt,test-gk-1079,seen,everyday,gk,0.00000,0.00000,0.00000,0.00000
test,chunk_tkfmt,test-gk-1143,seen,legal,gk,1.00000,1.00000,1.00000,1.00000
test,chunk_tkfmt,test-gk-1157,seen,legal,gk,1.00000,1.00000,1.00000,1.00000
test,chunk_tkfmt,test-gk-1144,seen,everyday,gk,0.43068,1.00000,1.00000,0.25000
test,chunk_tkfmt,test-gk-1221,seen,legal,gk,1.00000,1.00000,1.00000,1.00000
test,chunk_tkfmt,test-gk-123.1,seen,search,gk,0.63093,1.00000,1.00000,0.50000
test,chunk_tkfmt,test-gk-123.20-5,seen,search,gk,1.00000,1.00000,1.00000,1.00000
test,chunk_tkfmt,test-gk-123.11,seen,everyday,gk,1.00000,1.00000,1.00000,1.00000
test,chunk_tkfmt,test-gk-123.16-3,seen,everyday,gk,1.00000,1.00000,1.00000,1.00000
test,chunk_tkfmt,test-gk-1237,seen,search,gk,1.00000,1.00000,1.00000,1.00000
test,chunk_tkfmt,test-gk-1231,seen,legal,gk,1.00000,1.00000,1.00000,1.00000
test,chunk_tkfmt,test-gk-1236,seen,everyday,gk,0.30103,0.00000,1.00000,0.11111
test,chunk_tkfmt,test-gk-1241,seen,search,gk,0.63093,1.00000,1.00000,0.50000
test,chunk_tkfmt,test-gk-1278,seen,search,gk,1.00000,1.00000,1.00000,1.00000
test,chunk_tkfmt,test-gk-1276,seen,everyday,gk,0.33333,0.00000,1.00000,0.14286
test,chunk_tkfmt,test-gk-1287,seen,legal,gk,1.00000,1.00000,1.00000,1.00000
test,chunk_tkfmt,test-gk-1296,seen,legal,gk,1.00000,1.00000,1.00000,1.00000
test,chunk_tkfmt,test-gk-13,seen,legal,gk,1.00000,1.00000,1.00000,1.00000
test,chunk_tkfmt,test-gk-1300,seen,everyday,gk,0.33333,0.00000,1.00000,0.14286
test,chunk_tkfmt,test-gk-1321,seen,everyday,gk,0.43068,1.00000,1.00000,0.25000
test,chunk_tkfmt,test-gk-1328,seen,everyday,gk,0.00000,0.00000,0.00000,0.00000
test,chunk_tkfmt,test-gk-133.1,seen,legal,gk,1.00000,1.00000,1.00000,1.00000
test,chunk_tkfmt,test-gk-1331,seen,search,gk,1.00000,1.00000,1.00000,1.00000
test,chunk_tkfmt,test-gk-1357,seen,legal,gk,1.00000,1.00000,1.00000,1.00000
test,chunk_tkfmt,test-gk-1359,seen,everyday,gk,0.00000,0.00000,0.00000,0.00000
test,chunk_tkfmt,test-gk-1369,seen,everyday,gk,0.50000,1.00000,1.00000,0.33333
test,chunk_tkfmt,test-gk-1373,seen,legal,gk,1.00000,1.00000,1.00000,1.00000
test,chunk_tkfmt,test-gk-1398,seen,everyday,gk,1.00000,1.00000,1.00000,1.00000
test,chunk_tkfmt,test-gk-1418,seen,everyday,gk,0.50000,1.00000,1.00000,0.33333
test,chunk_tkfmt,test-gk-1447,seen,legal,gk,1.00000,1.00000,1.00000,1.00000
test,chunk_tkfmt,test-gk-1427,seen,legal,gk,0.63093,1.00000,1.00000,0.50000
test,chunk_tkfmt,test-gk-1471,seen,search,gk,0.43068,1.00000,1.00000,0.25000
test,chunk_tkfmt,test-gk-1474,seen,search,gk,1.00000,1.00000,1.00000,1.00000
test,chunk_tkfmt,test-gk-1483,seen,search,gk,1.00000,1.00000,1.00000,1.00000
test,chunk_tkfmt,test-gk-1494,seen,search,gk,1.00000,1.00000,1.00000,1.00000
test,chunk_tkfmt,test-gk-1501,seen,legal,gk,1.00000,1.00000,1.00000,1.00000
test,chunk_tkfmt,test-gk-1504,seen,legal,gk,1.00000,1.00000,1.00000,1.00000
test,chunk_tkfmt,test-gk-1496,seen,legal,gk,1.00000,1.00000,1.00000,1.00000
test,chunk_tkfmt,test-gk-1525,seen,legal,gk,1.00000,1.00000,1.00000,1.00000
test,chunk_tkfmt,test-gk-169,seen,search,gk,0.50000,1.00000,1.00000,0.33333
test,chunk_tkfmt,test-gk-1523,seen,everyday,gk,1.00000,1.00000,1.00000,1.00000
test,chunk_tkfmt,test-gk-177,seen,search,gk,0.63093,1.00000,1.00000,0.50000
test,chunk_tkfmt,test-gk-178,seen,search,gk,1.00000,1.00000,1.00000,1.00000
test,chunk_tkfmt,test-gk-181.3,seen,legal,gk,1.00000,1.00000,1.00000,1.00000
test,chunk_tkfmt,test-gk-188,seen,search,gk,1.00000,1.00000,1.00000,1.00000
test,chunk_tkfmt,test-gk-183,seen,legal,gk,1.00000,1.00000,1.00000,1.00000
test,chunk_tkfmt,test-gk-189,seen,search,gk,1.00000,1.00000,1.00000,1.00000
test,chunk_tkfmt,test-gk-199,seen,search,gk,0.63093,1.00000,1.00000,0.50000
test,chunk_tkfmt,test-gk-23,seen,legal,gk,1.00000,1.00000,1.00000,1.00000
test,chunk_tkfmt,test-gk-237,seen,everyday,gk,0.38685,1.00000,1.00000,0.20000
test,chunk_tkfmt,test-gk-239,seen,search,gk,1.00000,1.00000,1.00000,1.00000
test,chunk_tkfmt,test-gk-233,seen,everyday,gk,1.00000,1.00000,1.00000,1.00000
test,chunk_tkfmt,test-gk-239.2,seen,legal,gk,1.00000,1.00000,1.00000,1.00000
test,chunk_tkfmt,test-gk-264,seen,legal,gk,1.00000,1.00000,1.00000,1.00000
test,chunk_tkfmt,test-gk-274,seen,legal,gk,1.00000,1.00000,1.00000,1.00000
test,chunk_tkfmt,test-gk-287.5,seen,search,gk,1.00000,1.00000,1.00000,1.00000
test,chunk_tkfmt,test-gk-277,seen,everyday,gk,0.00000,0.00000,0.00000,0.00000
test,chunk_tkfmt,test-gk-284,seen,everyday,gk,0.31546,0.00000,1.00000,0.12500
test,chunk_tkfmt,test-gk-298,seen,everyday,gk,0.00000,0.00000,0.00000,0.00000
test,chunk_tkfmt,test-gk-299,seen,search,gk,1.00000,1.00000,1.00000,1.00000
test,chunk_tkfmt,test-gk-322,seen,search,gk,1.00000,1.00000,1.00000,1.00000
test,chunk_tkfmt,test-gk-308,seen,everyday,gk,0.50000,1.00000,1.00000,0.33333
test,chunk_tkfmt,test-gk-328,seen,everyday,gk,0.00000,0.00000,0.00000,0.00000
test,chunk_tkfmt,test-gk-333,seen,legal,gk,1.00000,1.00000,1.00000,1.00000
test,chunk_tkfmt,test-gk-354,seen,legal,gk,1.00000,1.00000,1.00000,1.00000
test,chunk_tkfmt,test-gk-358.14,seen,search,gk,1.00000,1.00000,1.00000,1.00000
test,chunk_tkfmt,test-gk-356,seen,legal,gk,1.00000,1.00000,1.00000,1.00000
test,chunk_tkfmt,test-gk-358.6,seen,search,gk,1.00000,1.00000,1.00000,1.00000
test,chunk_tkfmt,test-gk-360,seen,search,gk,1.00000,1.00000,1.00000,1.00000
test,chunk_tkfmt,test-gk-358.7,seen,legal,gk,1.00000,1.00000,1.00000,1.00000
test,chunk_tkfmt,test-gk-368,seen,search,gk,1.00000,1.00000,1.00000,1.00000
test,chunk_tkfmt,test-gk-37,seen,search,gk,1.00000,1.00000,1.00000,1.00000
test,chunk_tkfmt,test-gk-384,seen,search,gk,1.00000,1.00000,1.00000,1.00000
test,chunk_tkfmt,test-gk-392.3,seen,search,gk,1.00000,1.00000,1.00000,1.00000
test,chunk_tkfmt,test-gk-396,seen,legal,gk,1.00000,1.00000,1.00000,1.00000
test,chunk_tkfmt,test-gk-403,seen,legal,gk,1.00000,1.00000,1.00000,1.00000
test,chunk_tkfmt,test-gk-399,seen,everyday,gk,0.43068,1.00000,1.00000,0.25000
test,chunk_tkfmt,test-gk-42,seen,legal,gk,1.00000,1.00000,1.00000,1.00000
test,chunk_tkfmt,test-gk-406.1,seen,everyday,gk,1.00000,1.00000,1.00000,1.00000
test,chunk_tkfmt,test-gk-469,seen,search,gk,0.63093,1.00000,1.00000,0.50000
test,chunk_tkfmt,test-gk-45,seen,everyday,gk,1.00000,1.00000,1.00000,1.00000
test,chunk_tkfmt,test-gk-547,seen,search,gk,1.00000,1.00000,1.00000,1.00000
test,chunk_tkfmt,test-gk-542,seen,everyday,gk,1.00000,1.00000,1.00000,1.00000
test,chunk_tkfmt,test-gk-550,seen,legal,gk,1.00000,1.00000,1.00000,1.00000
test,chunk_tkfmt,test-gk-606,seen,search,gk,0.63093,1.00000,1.00000,0.50000
test,chunk_tkfmt,test-gk-57,seen,legal,gk,1.00000,1.00000,1.00000,1.00000
test,chunk_tkfmt,test-gk-610,seen,search,gk,1.00000,1.00000,1.00000,1.00000
test,chunk_tkfmt,test-gk-624,seen,search,gk,1.00000,1.00000,1.00000,1.00000
test,chunk_tkfmt,test-gk-638,seen,search,gk,0.63093,1.00000,1.00000,0.50000
test,chunk_tkfmt,test-gk-63,seen,everyday,gk,1.00000,1.00000,1.00000,1.00000
test,chunk_tkfmt,test-gk-636,seen,legal,gk,1.00000,1.00000,1.00000,1.00000
test,chunk_tkfmt,test-gk-64.2,seen,search,gk,1.00000,1.00000,1.00000,1.00000
test,chunk_tkfmt,test-gk-651,seen,search,gk,1.00000,1.00000,1.00000,1.00000
test,chunk_tkfmt,test-gk-65.3,seen,legal,gk,1.00000,1.00000,1.00000,1.00000
test,chunk_tkfmt,test-gk-67.1,seen,search,gk,1.00000,1.00000,1.00000,1.00000
test,chunk_tkfmt,test-gk-690,seen,search,gk,0.50000,1.00000,1.00000,0.33333
test,chunk_tkfmt,test-gk-692,seen,search,gk,0.63093,1.00000,1.00000,0.50000
test,chunk_tkfmt,test-gk-683,seen,legal,gk,1.00000,1.00000,1.00000,1.00000
test,chunk_tkfmt,test-gk-722,seen,legal,gk,1.00000,1.00000,1.00000,1.00000
test,chunk_tkfmt,test-gk-695,seen,everyday,gk,0.00000,0.00000,0.00000,0.00000
test,chunk_tkfmt,test-gk-745,seen,everyday,gk,0.43068,1.00000,1.00000,0.25000
test,chunk_tkfmt,test-gk-763,seen,legal,gk,1.00000,1.00000,1.00000,1.00000
test,chunk_tkfmt,test-gk-747,seen,everyday,gk,1.00000,1.00000,1.00000,1.00000
test,chunk_tkfmt,test-gk-777,seen,search,gk,1.00000,1.00000,1.00000,1.00000
test,chunk_tkfmt,test-gk-818,seen,everyday,gk,1.00000,1.00000,1.00000,1.00000
test,chunk_tkfmt,test-gk-808,seen,legal,gk,1.00000,1.00000,1.00000,1.00000
test,chunk_tkfmt,test-gk-782,seen,everyday,gk,0.35621,0.00000,1.00000,0.16667
test,chunk_tkfmt,test-gk-858,seen,search,gk,1.00000,1.00000,1.00000,1.00000
test,chunk_tkfmt,test-gk-846,seen,everyday,gk,1.00000,1.00000,1.00000,1.00000
test,chunk_tkfmt,test-gk-860.11,seen,everyday,gk,0.63093,1.00000,1.00000,0.50000
test,chunk_tkfmt,test-gk-860.13,seen,search,gk,1.00000,1.00000,1.00000,1.00000
test,chunk_tkfmt,test-gk-860.5,seen,search,gk,1.00000,1.00000,1.00000,1.00000
test,chunk_tkfmt,test-gk-864,seen,search,gk,1.00000,1.00000,1.00000,1.00000
test,chunk_tkfmt,test-gk-860.14,seen,legal,gk,1.00000,1.00000,1.00000,1.00000
test,chunk_tkfmt,test-gk-88,seen,search,gk,1.00000,1.00000,1.00000,1.00000
test,chunk_tkfmt,test-gk-883,seen,search,gk,1.00000,1.00000,1.00000,1.00000
test,chunk_tkfmt,test-gk-866,seen,search,gk,1.00000,1.00000,1.00000,1.00000
test,chunk_tkfmt,test-gk-889,seen,legal,gk,1.00000,1.00000,1.00000,1.00000
test,chunk_tkfmt,test-gk-907,seen,legal,gk,1.00000,1.00000,1.00000,1.00000
test,chunk_tkfmt,test-gk-899,seen,everyday,gk,1.00000,1.00000,1.00000,1.00000
test,chunk_tkfmt,test-gk-920,seen,search,gk,1.00000,1.00000,1.00000,1.00000
test,chunk_tkfmt,test-gk-935,seen,search,gk,1.00000,1.00000,1.00000,1.00000
test,chunk_tkfmt,test-gk-93,seen,legal,gk,1.00000,1.00000,1.00000,1.00000
test,chunk_tkfmt,test-gk-926.3,seen,legal,gk,1.00000,1.00000,1.00000,1.00000
test,chunk_tkfmt,test-gk-96,seen,search,gk,0.50000,1.00000,1.00000,0.33333
test,chunk_tkfmt,test-gk-960,seen,everyday,gk,1.00000,1.00000,1.00000,1.00000
test,chunk_tkfmt,test-gk-990,seen,legal,gk,0.63093,1.00000,1.00000,0.50000
test,chunk_tkfmt,test-gk-978,seen,everyday,gk,0.00000,0.00000,0.00000,0.00000
test,chunk_tkfmt,test-gk-994,seen,search,gk,1.00000,1.00000,1.00000,1.00000
test,chunk_tkfmt,test-gk-995,seen,search,gk,1.00000,1.00000,1.00000,1.00000
test,chunk_tkfmt,test-koap-1.8,seen,search,koap,1.00000,1.00000,1.00000,1.00000
test,chunk_tkfmt,test-koap-11.13,seen,legal,koap,1.00000,1.00000,1.00000,1.00000
test,chunk_tkfmt,test-koap-11.4,seen,search,koap,1.00000,1.00000,1.00000,1.00000
test,chunk_tkfmt,test-koap-11.6.1,seen,legal,koap,1.00000,1.00000,1.00000,1.00000
test,chunk_tkfmt,test-koap-12.21.3,seen,search,koap,1.00000,1.00000,1.00000,1.00000
test,chunk_tkfmt,test-koap-12.30,seen,legal,koap,1.00000,1.00000,1.00000,1.00000
test,chunk_tkfmt,test-koap-12.4,seen,search,koap,1.00000,1.00000,1.00000,1.00000
test,chunk_tkfmt,test-koap-13.15,seen,search,koap,0.00000,0.00000,0.00000,0.00000
test,chunk_tkfmt,test-koap-13.23,seen,legal,koap,1.00000,1.00000,1.00000,1.00000
test,chunk_tkfmt,test-koap-13.44,seen,legal,koap,1.00000,1.00000,1.00000,1.00000
test,chunk_tkfmt,test-koap-13.33.1,seen,everyday,koap,0.63093,1.00000,1.00000,0.50000
test,chunk_tkfmt,test-koap-13.56,seen,search,koap,0.00000,0.00000,0.00000,0.00000
test,chunk_tkfmt,test-koap-13.45,seen,everyday,koap,0.00000,0.00000,0.00000,0.00000
test,chunk_tkfmt,test-koap-14.13,seen,legal,koap,1.00000,1.00000,1.00000,1.00000
test,chunk_tkfmt,test-koap-14.17.3,seen,search,koap,1.00000,1.00000,1.00000,1.00000
test,chunk_tkfmt,test-koap-14.33,seen,search,koap,1.00000,1.00000,1.00000,1.00000
test,chunk_tkfmt,test-koap-14.38,seen,search,koap,1.00000,1.00000,1.00000,1.00000
test,chunk_tkfmt,test-koap-14.46.2,seen,legal,koap,1.00000,1.00000,1.00000,1.00000
test,chunk_tkfmt,test-koap-14.56.1,seen,legal,koap,1.00000,1.00000,1.00000,1.00000
test,chunk_tkfmt,test-koap-14.52,seen,everyday,koap,1.00000,1.00000,1.00000,1.00000
test,chunk_tkfmt,test-koap-15.11,seen,everyday,koap,1.00000,1.00000,1.00000,1.00000
test,chunk_tkfmt,test-koap-15.15,seen,everyday,koap,1.00000,1.00000,1.00000,1.00000
test,chunk_tkfmt,test-koap-15.27.3,seen,legal,koap,0.63093,1.00000,1.00000,0.50000
test,chunk_tkfmt,test-koap-16.16,seen,search,koap,1.00000,1.00000,1.00000,1.00000
test,chunk_tkfmt,test-koap-16.1,seen,everyday,koap,0.33333,0.00000,1.00000,0.14286
test,chunk_tkfmt,test-koap-16.21,seen,search,koap,1.00000,1.00000,1.00000,1.00000
test,chunk_tkfmt,test-koap-19.27,seen,legal,koap,1.00000,1.00000,1.00000,1.00000
test,chunk_tkfmt,test-koap-17.13,seen,everyday,koap,0.00000,0.00000,0.00000,0.00000
test,chunk_tkfmt,test-koap-19.4.2,seen,everyday,koap,1.00000,1.00000,1.00000,1.00000
test,chunk_tkfmt,test-koap-19.7.11,seen,legal,koap,1.00000,1.00000,1.00000,1.00000
test,chunk_tkfmt,test-koap-19.8,seen,search,koap,1.00000,1.00000,1.00000,1.00000
test,chunk_tkfmt,test-koap-20.13,seen,search,koap,1.00000,1.00000,1.00000,1.00000
test,chunk_tkfmt,test-koap-20.14,seen,everyday,koap,1.00000,1.00000,1.00000,1.00000
test,chunk_tkfmt,test-koap-19.8.2,seen,everyday,koap,1.00000,1.00000,1.00000,1.00000
test,chunk_tkfmt,test-koap-20.17,seen,everyday,koap,1.00000,1.00000,1.00000,1.00000
test,chunk_tkfmt,test-koap-20.25,seen,search,koap,1.00000,1.00000,1.00000,1.00000
test,chunk_tkfmt,test-koap-20.24,seen,everyday,koap,1.00000,1.00000,1.00000,1.00000
test,chunk_tkfmt,test-koap-20.3.4,seen,everyday,koap,0.00000,0.00000,0.00000,0.00000
test,chunk_tkfmt,test-koap-20.3.3,seen,everyday,koap,0.63093,1.00000,1.00000,0.50000
test,chunk_tkfmt,test-koap-20.5.1,seen,everyday,koap,1.00000,1.00000,1.00000,1.00000
test,chunk_tkfmt,test-koap-23.15,seen,legal,koap,1.00000,1.00000,1.00000,1.00000
test,chunk_tkfmt,test-koap-20.6.1,seen,everyday,koap,1.00000,1.00000,1.00000,1.00000
test,chunk_tkfmt,test-koap-23.34,seen,everyday,koap,0.63093,1.00000,1.00000,0.50000
test,chunk_tkfmt,test-koap-23.26.1,seen,everyday,koap,0.43068,1.00000,1.00000,0.25000
test,chunk_tkfmt,test-koap-23.36.2,seen,everyday,koap,1.00000,1.00000,1.00000,1.00000
test,chunk_tkfmt,test-koap-23.42,seen,legal,koap,1.00000,1.00000,1.00000,1.00000
test,chunk_tkfmt,test-koap-23.55,seen,everyday,koap,1.00000,1.00000,1.00000,1.00000
test,chunk_tkfmt,test-koap-23.88,seen,search,koap,1.00000,1.00000,1.00000,1.00000
test,chunk_tkfmt,test-koap-23.86,seen,legal,koap,0.63093,1.00000,1.00000,0.50000
test,chunk_tkfmt,test-koap-27.14,seen,search,koap,1.00000,1.00000,1.00000,1.00000
test,chunk_tkfmt,test-koap-26.1,seen,legal,koap,1.00000,1.00000,1.00000,1.00000
test,chunk_tkfmt,test-koap-24.4,seen,everyday,koap,0.63093,1.00000,1.00000,0.50000
test,chunk_tkfmt,test-koap-27.15,seen,search,koap,1.00000,1.00000,1.00000,1.00000
test,chunk_tkfmt,test-koap-28.10,seen,search,koap,0.38685,1.00000,1.00000,0.20000
test,chunk_tkfmt,test-koap-28.5,seen,legal,koap,1.00000,1.00000,1.00000,1.00000
test,chunk_tkfmt,test-koap-27.20,seen,everyday,koap,0.38685,1.00000,1.00000,0.20000
test,chunk_tkfmt,test-koap-29.6,seen,search,koap,1.00000,1.00000,1.00000,1.00000
test,chunk_tkfmt,test-koap-3.4,seen,search,koap,1.00000,1.00000,1.00000,1.00000
test,chunk_tkfmt,test-koap-29.9,seen,everyday,koap,0.43068,1.00000,1.00000,0.25000
test,chunk_tkfmt,test-koap-3.13,seen,everyday,koap,0.38685,1.00000,1.00000,0.20000
test,chunk_tkfmt,test-koap-30.12,seen,everyday,koap,1.00000,1.00000,1.00000,1.00000
test,chunk_tkfmt,test-koap-30.15,seen,legal,koap,0.00000,0.00000,0.00000,0.00000
test,chunk_tkfmt,test-koap-31.10,seen,legal,koap,1.00000,1.00000,1.00000,1.00000
test,chunk_tkfmt,test-koap-31.8,seen,legal,koap,0.50000,1.00000,1.00000,0.33333
test,chunk_tkfmt,test-koap-31.7,seen,everyday,koap,0.63093,1.00000,1.00000,0.50000
test,chunk_tkfmt,test-koap-4.6,seen,everyday,koap,1.00000,1.00000,1.00000,1.00000
test,chunk_tkfmt,test-koap-5.27.2,seen,legal,koap,1.00000,1.00000,1.00000,1.00000
test,chunk_tkfmt,test-koap-4.7,seen,everyday,koap,0.00000,0.00000,0.00000,0.00000
test,chunk_tkfmt,test-koap-5.41,seen,search,koap,1.00000,1.00000,1.00000,1.00000
test,chunk_tkfmt,test-koap-5.40,seen,everyday,koap,1.00000,1.00000,1.00000,1.00000
test,chunk_tkfmt,test-koap-5.61.1,seen,search,koap,1.00000,1.00000,1.00000,1.00000
test,chunk_tkfmt,test-koap-5.46,seen,legal,koap,1.00000,1.00000,1.00000,1.00000
test,chunk_tkfmt,test-koap-5.8,seen,search,koap,0.28906,0.00000,1.00000,0.10000
test,chunk_tkfmt,test-koap-5.63,seen,everyday,koap,1.00000,1.00000,1.00000,1.00000
test,chunk_tkfmt,test-koap-6.21,seen,everyday,koap,0.38685,1.00000,1.00000,0.20000
test,chunk_tkfmt,test-koap-6.23,seen,legal,koap,1.00000,1.00000,1.00000,1.00000
test,chunk_tkfmt,test-koap-6.3.1,seen,search,koap,0.63093,1.00000,1.00000,0.50000
test,chunk_tkfmt,test-koap-6.28,seen,legal,koap,1.00000,1.00000,1.00000,1.00000
test,chunk_tkfmt,test-koap-7.12,seen,legal,koap,0.50000,1.00000,1.00000,0.33333
test,chunk_tkfmt,test-koap-6.9,seen,legal,koap,1.00000,1.00000,1.00000,1.00000
test,chunk_tkfmt,test-koap-6.32,seen,everyday,koap,1.00000,1.00000,1.00000,1.00000
test,chunk_tkfmt,test-koap-7.20,seen,legal,koap,1.00000,1.00000,1.00000,1.00000
test,chunk_tkfmt,test-koap-7.32.6,seen,legal,koap,1.00000,1.00000,1.00000,1.00000
test,chunk_tkfmt,test-koap-7.35,seen,search,koap,1.00000,1.00000,1.00000,1.00000
test,chunk_tkfmt,test-koap-8.14,seen,legal,koap,1.00000,1.00000,1.00000,1.00000
test,chunk_tkfmt,test-koap-8.28,seen,everyday,koap,1.00000,1.00000,1.00000,1.00000
test,chunk_tkfmt,test-koap-8.34,seen,everyday,koap,1.00000,1.00000,1.00000,1.00000
test,chunk_tkfmt,test-koap-8.47,seen,search,koap,1.00000,1.00000,1.00000,1.00000
test,chunk_tkfmt,test-tk-130,seen,legal,tk,0.31546,0.00000,1.00000,0.12500
test,chunk_tkfmt,test-tk-131,seen,legal,tk,1.00000,1.00000,1.00000,1.00000
test,chunk_tkfmt,test-koap-9.7,seen,everyday,koap,1.00000,1.00000,1.00000,1.00000
test,chunk_tkfmt,test-tk-14,seen,search,tk,1.00000,1.00000,1.00000,1.00000
test,chunk_tkfmt,test-tk-173,seen,legal,tk,0.50000,1.00000,1.00000,0.33333
test,chunk_tkfmt,test-tk-138,seen,everyday,tk,1.00000,1.00000,1.00000,1.00000
test,chunk_tkfmt,test-tk-18,seen,legal,tk,1.00000,1.00000,1.00000,1.00000
test,chunk_tkfmt,test-tk-180,seen,legal,tk,1.00000,1.00000,1.00000,1.00000
test,chunk_tkfmt,test-tk-209.1,seen,legal,tk,1.00000,1.00000,1.00000,1.00000
test,chunk_tkfmt,test-tk-214.2,seen,search,tk,1.00000,1.00000,1.00000,1.00000
test,chunk_tkfmt,test-tk-203,seen,everyday,tk,1.00000,1.00000,1.00000,1.00000
test,chunk_tkfmt,test-tk-216,seen,legal,tk,1.00000,1.00000,1.00000,1.00000
test,chunk_tkfmt,test-tk-219,seen,legal,tk,1.00000,1.00000,1.00000,1.00000
test,chunk_tkfmt,test-tk-216.2,seen,legal,tk,0.63093,1.00000,1.00000,0.50000
test,chunk_tkfmt,test-tk-222,seen,everyday,tk,1.00000,1.00000,1.00000,1.00000
test,chunk_tkfmt,test-tk-229,seen,legal,tk,1.00000,1.00000,1.00000,1.00000
test,chunk_tkfmt,test-tk-229.1,seen,everyday,tk,1.00000,1.00000,1.00000,1.00000
test,chunk_tkfmt,test-tk-229.2,seen,search,tk,0.63093,1.00000,1.00000,0.50000
test,chunk_tkfmt,test-tk-231,seen,search,tk,0.00000,0.00000,0.00000,0.00000
test,chunk_tkfmt,test-tk-253,seen,search,tk,1.00000,1.00000,1.00000,1.00000
test,chunk_tkfmt,test-tk-248,seen,legal,tk,1.00000,1.00000,1.00000,1.00000
test,chunk_tkfmt,test-tk-255,seen,legal,tk,1.00000,1.00000,1.00000,1.00000
test,chunk_tkfmt,test-tk-278,seen,search,tk,1.00000,1.00000,1.00000,1.00000
test,chunk_tkfmt,test-tk-296,seen,search,tk,1.00000,1.00000,1.00000,1.00000
test,chunk_tkfmt,test-tk-290,seen,legal,tk,1.00000,1.00000,1.00000,1.00000
test,chunk_tkfmt,test-tk-312.2,seen,search,tk,1.00000,1.00000,1.00000,1.00000
test,chunk_tkfmt,test-tk-314,seen,search,tk,1.00000,1.00000,1.00000,1.00000
test,chunk_tkfmt,test-tk-308,seen,everyday,tk,1.00000,1.00000,1.00000,1.00000
test,chunk_tkfmt,test-tk-324,seen,search,tk,1.00000,1.00000,1.00000,1.00000
test,chunk_tkfmt,test-tk-319,seen,legal,tk,1.00000,1.00000,1.00000,1.00000
test,chunk_tkfmt,test-tk-338,seen,search,tk,1.00000,1.00000,1.00000,1.00000
test,chunk_tkfmt,test-tk-331,seen,everyday,tk,0.00000,0.00000,0.00000,0.00000
test,chunk_tkfmt,test-tk-350,seen,search,tk,1.00000,1.00000,1.00000,1.00000
test,chunk_tkfmt,test-tk-339,seen,legal,tk,1.00000,1.00000,1.00000,1.00000
test,chunk_tkfmt,test-tk-351.7,seen,legal,tk,1.00000,1.00000,1.00000,1.00000
test,chunk_tkfmt,test-tk-378,seen,legal,tk,1.00000,1.00000,1.00000,1.00000
test,chunk_tkfmt,test-tk-39,seen,search,tk,1.00000,1.00000,1.00000,1.00000
test,chunk_tkfmt,test-tk-386,seen,search,tk,1.00000,1.00000,1.00000,1.00000
test,chunk_tkfmt,test-tk-407,seen,legal,tk,1.00000,1.00000,1.00000,1.00000
test,chunk_tkfmt,test-tk-415,seen,everyday,tk,0.00000,0.00000,0.00000,0.00000
test,chunk_tkfmt,test-tk-403,seen,legal,tk,1.00000,1.00000,1.00000,1.00000
test,chunk_tkfmt,test-tk-74,seen,search,tk,0.50000,1.00000,1.00000,0.33333
test,chunk_tkfmt,test-tk-66.1,seen,legal,tk,1.00000,1.00000,1.00000,1.00000
test,chunk_tkfmt,test-zhk-104,seen,legal,zhk,1.00000,1.00000,1.00000,1.00000
test,chunk_tkfmt,test-tk-92,seen,everyday,tk,0.00000,0.00000,0.00000,0.00000
test,chunk_tkfmt,test-zhk-100,seen,everyday,zhk,0.35621,0.00000,1.00000,0.16667
test,chunk_tkfmt,test-zhk-174,seen,search,zhk,1.00000,1.00000,1.00000,1.00000
test,chunk_tkfmt,test-zhk-185,seen,legal,zhk,1.00000,1.00000,1.00000,1.00000
test,chunk_tkfmt,test-zhk-191,seen,legal,zhk,1.00000,1.00000,1.00000,1.00000
test,chunk_tkfmt,test-zhk-193,seen,legal,zhk,1.00000,1.00000,1.00000,1.00000
test,chunk_tkfmt,test-zhk-200,seen,everyday,zhk,0.35621,0.00000,1.00000,0.16667
test,chunk_tkfmt,test-zhk-33,seen,everyday,zhk,1.00000,1.00000,1.00000,1.00000
test,chunk_tkfmt,test-zhk-46,seen,everyday,zhk,1.00000,1.00000,1.00000,1.00000
test,chunk_tkfmt,test-zhk-47.1,seen,everyday,zhk,0.63093,1.00000,1.00000,0.50000
test,chunk_tkfmt,test-zhk-55,seen,everyday,zhk,0.63093,1.00000,1.00000,0.50000
test,chunk_tkfmt,test-zhk-57,seen,everyday,zhk,0.63093,1.00000,1.00000,0.50000
test,chunk_tkfmt,test-zhk-62,seen,search,zhk,1.00000,1.00000,1.00000,1.00000
test,chunk_tkfmt,test-zhk-91.10,seen,everyday,zhk,0.00000,0.00000,0.00000,0.00000
test,chunk_tkfmt,test-zhk-85,seen,everyday,zhk,0.50000,1.00000,1.00000,0.33333
test,chunk_tkfmt,test-zhk-91.14,seen,everyday,zhk,1.00000,1.00000,1.00000,1.00000
test,chunk_tkfmt,test-zhk-91.16,seen,everyday,zhk,1.00000,1.00000,1.00000,1.00000
test,chunk_tkfmt,test-zhk-91.19,seen,everyday,zhk,1.00000,1.00000,1.00000,1.00000
test,chunk_tkfmt,test-zhk-91.20,seen,everyday,zhk,0.00000,0.00000,0.00000,0.00000
test,chunk_tkfmt,test-gk-1019,unseen_articles,legal,gk,1.00000,1.00000,1.00000,1.00000
test,chunk_tkfmt,test-zhk-91.9,seen,everyday,zhk,0.50000,1.00000,1.00000,0.33333
test,chunk_tkfmt,test-gk-1045,unseen_articles,legal,gk,1.00000,1.00000,1.00000,1.00000
test,chunk_tkfmt,test-gk-1048,unseen_articles,legal,gk,1.00000,1.00000,1.00000,1.00000
test,chunk_tkfmt,test-gk-1055,unseen_articles,legal,gk,1.00000,1.00000,1.00000,1.00000
test,chunk_tkfmt,test-gk-1076,unseen_articles,search,gk,1.00000,1.00000,1.00000,1.00000
test,chunk_tkfmt,test-gk-1081,unseen_articles,legal,gk,0.00000,0.00000,0.00000,0.00000
test,chunk_tkfmt,test-gk-1084,unseen_articles,legal,gk,1.00000,1.00000,1.00000,1.00000
test,chunk_tkfmt,test-gk-1059,unseen_articles,everyday,gk,1.00000,1.00000,1.00000,1.00000
test,chunk_tkfmt,test-gk-1101,unseen_articles,everyday,gk,0.50000,1.00000,1.00000,0.33333
test,chunk_tkfmt,test-gk-1129,unseen_articles,legal,gk,1.00000,1.00000,1.00000,1.00000
test,chunk_tkfmt,test-gk-1117,unseen_articles,everyday,gk,1.00000,1.00000,1.00000,1.00000
test,chunk_tkfmt,test-gk-1132,unseen_articles,legal,gk,1.00000,1.00000,1.00000,1.00000
test,chunk_tkfmt,test-gk-1147,unseen_articles,search,gk,1.00000,1.00000,1.00000,1.00000
test,chunk_tkfmt,test-gk-1145,unseen_articles,legal,gk,0.63093,1.00000,1.00000,0.50000
test,chunk_tkfmt,test-gk-1162,unseen_articles,search,gk,1.00000,1.00000,1.00000,1.00000
test,chunk_tkfmt,test-gk-1170,unseen_articles,search,gk,1.00000,1.00000,1.00000,1.00000
test,chunk_tkfmt,test-gk-1175,unseen_articles,search,gk,1.00000,1.00000,1.00000,1.00000
test,chunk_tkfmt,test-gk-1190,unseen_articles,legal,gk,1.00000,1.00000,1.00000,1.00000
test,chunk_tkfmt,test-gk-1216,unseen_articles,legal,gk,1.00000,1.00000,1.00000,1.00000
test,chunk_tkfmt,test-gk-1182,unseen_articles,everyday,gk,1.00000,1.00000,1.00000,1.00000
test,chunk_tkfmt,test-gk-123.4,unseen_articles,search,gk,1.00000,1.00000,1.00000,1.00000
test,chunk_tkfmt,test-gk-1247,unseen_articles,search,gk,1.00000,1.00000,1.00000,1.00000
test,chunk_tkfmt,test-gk-1251,unseen_articles,legal,gk,1.00000,1.00000,1.00000,1.00000
test,chunk_tkfmt,test-gk-1258,unseen_articles,search,gk,1.00000,1.00000,1.00000,1.00000
test,chunk_tkfmt,test-gk-1254,unseen_articles,legal,gk,1.00000,1.00000,1.00000,1.00000
test,chunk_tkfmt,test-gk-1313,unseen_articles,everyday,gk,0.50000,1.00000,1.00000,0.33333
test,chunk_tkfmt,test-gk-1326,unseen_articles,legal,gk,1.00000,1.00000,1.00000,1.00000
test,chunk_tkfmt,test-gk-135,unseen_articles,everyday,gk,0.00000,0.00000,0.00000,0.00000
test,chunk_tkfmt,test-gk-136,unseen_articles,legal,gk,1.00000,1.00000,1.00000,1.00000
test,chunk_tkfmt,test-gk-1354,unseen_articles,everyday,gk,0.43068,1.00000,1.00000,0.25000
test,chunk_tkfmt,test-gk-1368,unseen_articles,search,gk,1.00000,1.00000,1.00000,1.00000
test,chunk_tkfmt,test-gk-1362,unseen_articles,legal,gk,1.00000,1.00000,1.00000,1.00000
test,chunk_tkfmt,test-gk-1376,unseen_articles,everyday,gk,1.00000,1.00000,1.00000,1.00000
test,chunk_tkfmt,test-gk-1386,unseen_articles,everyday,gk,1.00000,1.00000,1.00000,1.00000
test,chunk_tkfmt,test-gk-1415,unseen_articles,search,gk,0.50000,1.00000,1.00000,0.33333
test,chunk_tkfmt,test-gk-1436,unseen_articles,everyday,gk,0.43068,1.00000,1.00000,0.25000
test,chunk_tkfmt,test-gk-1439,unseen_articles,everyday,gk,1.00000,1.00000,1.00000,1.00000
test,chunk_tkfmt,test-gk-144,unseen_articles,legal,gk,1.00000,1.00000,1.00000,1.00000
test,chunk_tkfmt,test-gk-1443,unseen_articles,everyday,gk,0.50000,1.00000,1.00000,0.33333
test,chunk_tkfmt,test-gk-1449,unseen_articles,legal,gk,1.00000,1.00000,1.00000,1.00000
test,chunk_tkfmt,test-gk-1445,unseen_articles,everyday,gk,1.00000,1.00000,1.00000,1.00000
test,chunk_tkfmt,test-gk-1459,unseen_articles,search,gk,1.00000,1.00000,1.00000,1.00000
test,chunk_tkfmt,test-gk-149.4,unseen_articles,legal,gk,0.43068,1.00000,1.00000,0.25000
test,chunk_tkfmt,test-gk-1484,unseen_articles,everyday,gk,0.63093,1.00000,1.00000,0.50000
test,chunk_tkfmt,test-gk-174,unseen_articles,search,gk,1.00000,1.00000,1.00000,1.00000
test,chunk_tkfmt,test-gk-18,unseen_articles,search,gk,0.63093,1.00000,1.00000,0.50000
test,chunk_tkfmt,test-gk-1526,unseen_articles,everyday,gk,0.63093,1.00000,1.00000,0.50000
test,chunk_tkfmt,test-gk-200,unseen_articles,legal,gk,1.00000,1.00000,1.00000,1.00000
test,chunk_tkfmt,test-gk-212,unseen_articles,everyday,gk,1.00000,1.00000,1.00000,1.00000
test,chunk_tkfmt,test-gk-213,unseen_articles,legal,gk,1.00000,1.00000,1.00000,1.00000
test,chunk_tkfmt,test-gk-208,unseen_articles,everyday,gk,0.63093,1.00000,1.00000,0.50000
test,chunk_tkfmt,test-gk-229,unseen_articles,search,gk,1.00000,1.00000,1.00000,1.00000
test,chunk_tkfmt,test-gk-219,unseen_articles,everyday,gk,0.00000,0.00000,0.00000,0.00000
test,chunk_tkfmt,test-gk-245,unseen_articles,legal,gk,1.00000,1.00000,1.00000,1.00000
test,chunk_tkfmt,test-gk-242,unseen_articles,everyday,gk,0.30103,0.00000,1.00000,0.11111
test,chunk_tkfmt,test-gk-248,unseen_articles,search,gk,1.00000,1.00000,1.00000,1.00000
test,chunk_tkfmt,test-gk-31,unseen_articles,search,gk,1.00000,1.00000,1.00000,1.00000
test,chunk_tkfmt,test-gk-310,unseen_articles,search,gk,1.00000,1.00000,1.00000,1.00000
test,chunk_tkfmt,test-gk-281,unseen_articles,everyday,gk,0.38685,1.00000,1.00000,0.20000
test,chunk_tkfmt,test-gk-350.2,unseen_articles,search,gk,1.00000,1.00000,1.00000,1.00000
test,chunk_tkfmt,test-gk-358.10,unseen_articles,search,gk,1.00000,1.00000,1.00000,1.00000
test,chunk_tkfmt,test-gk-370,unseen_articles,search,gk,0.63093,1.00000,1.00000,0.50000
test,chunk_tkfmt,test-gk-419,unseen_articles,search,gk,1.00000,1.00000,1.00000,1.00000
test,chunk_tkfmt,test-gk-408,unseen_articles,everyday,gk,1.00000,1.00000,1.00000,1.00000
test,chunk_tkfmt,test-gk-432,unseen_articles,legal,gk,1.00000,1.00000,1.00000,1.00000
test,chunk_tkfmt,test-gk-466,unseen_articles,legal,gk,1.00000,1.00000,1.00000,1.00000
test,chunk_tkfmt,test-gk-429.1,unseen_articles,everyday,gk,0.00000,0.00000,0.00000,0.00000
test,chunk_tkfmt,test-gk-480,unseen_articles,search,gk,1.00000,1.00000,1.00000,1.00000
test,chunk_tkfmt,test-gk-484,unseen_articles,everyday,gk,0.50000,1.00000,1.00000,0.33333
test,chunk_tkfmt,test-gk-51,unseen_articles,everyday,gk,0.50000,1.00000,1.00000,0.33333
test,chunk_tkfmt,test-gk-524,unseen_articles,search,gk,1.00000,1.00000,1.00000,1.00000
test,chunk_tkfmt,test-gk-507,unseen_articles,everyday,gk,0.00000,0.00000,0.00000,0.00000
test,chunk_tkfmt,test-gk-567,unseen_articles,legal,gk,0.00000,0.00000,0.00000,0.00000
test,chunk_tkfmt,test-gk-552,unseen_articles,everyday,gk,1.00000,1.00000,1.00000,1.00000
test,chunk_tkfmt,test-gk-565,unseen_articles,everyday,gk,1.00000,1.00000,1.00000,1.00000
test,chunk_tkfmt,test-gk-599,unseen_articles,search,gk,1.00000,1.00000,1.00000,1.00000
test,chunk_tkfmt,test-gk-588,unseen_articles,everyday,gk,1.00000,1.00000,1.00000,1.00000
test,chunk_tkfmt,test-gk-61,unseen_articles,search,gk,1.00000,1.00000,1.00000,1.00000
test,chunk_tkfmt,test-gk-627,unseen_articles,search,gk,1.00000,1.00000,1.00000,1.00000
test,chunk_tkfmt,test-gk-60.2,unseen_articles,legal,gk,1.00000,1.00000,1.00000,1.00000
test,chunk_tkfmt,test-gk-644,unseen_articles,everyday,gk,1.00000,1.00000,1.00000,1.00000
test,chunk_tkfmt,test-gk-642,unseen_articles,everyday,gk,1.00000,1.00000,1.00000,1.00000
test,chunk_tkfmt,test-gk-653,unseen_articles,legal,gk,1.00000,1.00000,1.00000,1.00000
test,chunk_tkfmt,test-gk-654,unseen_articles,legal,gk,1.00000,1.00000,1.00000,1.00000
test,chunk_tkfmt,test-gk-675,unseen_articles,search,gk,1.00000,1.00000,1.00000,1.00000
test,chunk_tkfmt,test-gk-66.2,unseen_articles,everyday,gk,1.00000,1.00000,1.00000,1.00000
test,chunk_tkfmt,test-gk-672,unseen_articles,everyday,gk,0.63093,1.00000,1.00000,0.50000
test,chunk_tkfmt,test-gk-724,unseen_articles,search,gk,1.00000,1.00000,1.00000,1.00000
test,chunk_tkfmt,test-gk-712,unseen_articles,everyday,gk,1.00000,1.00000,1.00000,1.00000
test,chunk_tkfmt,test-gk-731,unseen_articles,legal,gk,0.35621,0.00000,1.00000,0.16667
test,chunk_tkfmt,test-gk-737,unseen_articles,legal,gk,0.43068,1.00000,1.00000,0.25000
test,chunk_tkfmt,test-gk-746,unseen_articles,legal,gk,1.00000,1.00000,1.00000,1.00000
test,chunk_tkfmt,test-gk-770,unseen_articles,search,gk,0.00000,0.00000,0.00000,0.00000
test,chunk_tkfmt,test-gk-74,unseen_articles,everyday,gk,0.63093,1.00000,1.00000,0.50000
test,chunk_tkfmt,test-gk-776,unseen_articles,search,gk,1.00000,1.00000,1.00000,1.00000
test,chunk_tkfmt,test-gk-771,unseen_articles,everyday,gk,0.50000,1.00000,1.00000,0.33333
test,chunk_tkfmt,test-gk-841,unseen_articles,search,gk,1.00000,1.00000,1.00000,1.00000
test,chunk_tkfmt,test-gk-804,unseen_articles,everyday,gk,0.00000,0.00000,0.00000,0.00000
test,chunk_tkfmt,test-gk-849,unseen_articles,search,gk,1.00000,1.00000,1.00000,1.00000
test,chunk_tkfmt,test-gk-852,unseen_articles,search,gk,1.00000,1.00000,1.00000,1.00000
test,chunk_tkfmt,test-gk-860.15,unseen_articles,search,gk,1.00000,1.00000,1.00000,1.00000
test,chunk_tkfmt,test-gk-867,unseen_articles,search,gk,1.00000,1.00000,1.00000,1.00000
test,chunk_tkfmt,test-gk-89,unseen_articles,search,gk,0.63093,1.00000,1.00000,0.50000
test,chunk_tkfmt,test-gk-860.8,unseen_articles,legal,gk,0.63093,1.00000,1.00000,0.50000
test,chunk_tkfmt,test-gk-92,unseen_articles,search,gk,1.00000,1.00000,1.00000,1.00000
test,chunk_tkfmt,test-gk-982,unseen_articles,everyday,gk,0.00000,0.00000,0.00000,0.00000
test,chunk_tkfmt,test-koap-1.4,unseen_articles,legal,koap,1.00000,1.00000,1.00000,1.00000
test,chunk_tkfmt,test-gk-991,unseen_articles,everyday,gk,0.00000,0.00000,0.00000,0.00000
test,chunk_tkfmt,test-koap-11.20,unseen_articles,legal,koap,1.00000,1.00000,1.00000,1.00000
test,chunk_tkfmt,test-koap-13.13,unseen_articles,legal,koap,1.00000,1.00000,1.00000,1.00000
test,chunk_tkfmt,test-koap-10.14,unseen_articles,everyday,koap,1.00000,1.00000,1.00000,1.00000
test,chunk_tkfmt,test-koap-13.14.1,unseen_articles,legal,koap,1.00000,1.00000,1.00000,1.00000
test,chunk_tkfmt,test-koap-13.22,unseen_articles,legal,koap,1.00000,1.00000,1.00000,1.00000
test,chunk_tkfmt,test-koap-13.39,unseen_articles,everyday,koap,0.63093,1.00000,1.00000,0.50000
test,chunk_tkfmt,test-koap-13.25,unseen_articles,everyday,koap,1.00000,1.00000,1.00000,1.00000
test,chunk_tkfmt,test-koap-13.49,unseen_articles,legal,koap,0.00000,0.00000,0.00000,0.00000
test,chunk_tkfmt,test-koap-14.15,unseen_articles,search,koap,0.63093,1.00000,1.00000,0.50000
test,chunk_tkfmt,test-koap-14.16,unseen_articles,search,koap,1.00000,1.00000,1.00000,1.00000
test,chunk_tkfmt,test-koap-14.15.3,unseen_articles,legal,koap,1.00000,1.00000,1.00000,1.00000
test,chunk_tkfmt,test-koap-14.35,unseen_articles,search,koap,0.00000,0.00000,0.00000,0.00000
test,chunk_tkfmt,test-koap-14.46.1,unseen_articles,search,koap,1.00000,1.00000,1.00000,1.00000
test,chunk_tkfmt,test-koap-14.27,unseen_articles,everyday,koap,1.00000,1.00000,1.00000,1.00000
test,chunk_tkfmt,test-koap-14.57,unseen_articles,everyday,koap,1.00000,1.00000,1.00000,1.00000
test,chunk_tkfmt,test-koap-14.64,unseen_articles,legal,koap,1.00000,1.00000,1.00000,1.00000
test,chunk_tkfmt,test-koap-15.23.1,unseen_articles,search,koap,1.00000,1.00000,1.00000,1.00000
test,chunk_tkfmt,test-koap-15.35,unseen_articles,legal,koap,1.00000,1.00000,1.00000,1.00000
test,chunk_tkfmt,test-koap-15.26,unseen_articles,everyday,koap,1.00000,1.00000,1.00000,1.00000
test,chunk_tkfmt,test-koap-15.30,unseen_articles,everyday,koap,0.00000,0.00000,0.00000,0.00000
test,chunk_tkfmt,test-koap-17.3,unseen_articles,search,koap,1.00000,1.00000,1.00000,1.00000
test,chunk_tkfmt,test-koap-17.17,unseen_articles,legal,koap,1.00000,1.00000,1.00000,1.00000
test,chunk_tkfmt,test-koap-18.2,unseen_articles,legal,koap,1.00000,1.00000,1.00000,1.00000
test,chunk_tkfmt,test-koap-17.2,unseen_articles,everyday,koap,1.00000,1.00000,1.00000,1.00000
test,chunk_tkfmt,test-koap-18.16,unseen_articles,everyday,koap,1.00000,1.00000,1.00000,1.00000
test,chunk_tkfmt,test-koap-19.4.1,unseen_articles,search,koap,0.63093,1.00000,1.00000,0.50000
test,chunk_tkfmt,test-koap-19.22,unseen_articles,everyday,koap,0.63093,1.00000,1.00000,0.50000
test,chunk_tkfmt,test-koap-19.7,unseen_articles,legal,koap,1.00000,1.00000,1.00000,1.00000
test,chunk_tkfmt,test-koap-19.7.8,unseen_articles,search,koap,1.00000,1.00000,1.00000,1.00000
test,chunk_tkfmt,test-koap-2.9.1,unseen_articles,legal,koap,1.00000,1.00000,1.00000,1.00000
test,chunk_tkfmt,test-koap-2.8,unseen_articles,everyday,koap,0.00000,0.00000,0.00000,0.00000
test,chunk_tkfmt,test-koap-2.1,unseen_articles,everyday,koap,0.35621,0.00000,1.00000,0.16667
test,chunk_tkfmt,test-koap-20.33,unseen_articles,search,koap,0.50000,1.00000,1.00000,0.33333
test,chunk_tkfmt,test-koap-20.30,unseen_articles,legal,koap,1.00000,1.00000,1.00000,1.00000
test,chunk_tkfmt,test-koap-20.34,unseen_articles,legal,koap,1.00000,1.00000,1.00000,1.00000
test,chunk_tkfmt,test-koap-23.56,unseen_articles,legal,koap,1.00000,1.00000,1.00000,1.00000
test,chunk_tkfmt,test-koap-23.14,unseen_articles,legal,koap,1.00000,1.00000,1.00000,1.00000
test,chunk_tkfmt,test-koap-25.5.1,unseen_articles,search,koap,1.00000,1.00000,1.00000,1.00000
test,chunk_tkfmt,test-koap-27.11,unseen_articles,search,koap,1.00000,1.00000,1.00000,1.00000
test,chunk_tkfmt,test-koap-24.8,unseen_articles,everyday,koap,1.00000,1.00000,1.00000,1.00000
test,chunk_tkfmt,test-koap-28.8,unseen_articles,legal,koap,1.00000,1.00000,1.00000,1.00000
test,chunk_tkfmt,test-koap-30.1,unseen_articles,everyday,koap,0.63093,1.00000,1.00000,0.50000
test,chunk_tkfmt,test-koap-30.10,unseen_articles,everyday,koap,0.50000,1.00000,1.00000,0.33333
test,chunk_tkfmt,test-koap-32.14,unseen_articles,legal,koap,0.63093,1.00000,1.00000,0.50000
test,chunk_tkfmt,test-koap-5.12,unseen_articles,search,koap,0.43068,1.00000,1.00000,0.25000
test,chunk_tkfmt,test-koap-30.4,unseen_articles,everyday,koap,1.00000,1.00000,1.00000,1.00000
test,chunk_tkfmt,test-koap-5.15,unseen_articles,search,koap,0.63093,1.00000,1.00000,0.50000
test,chunk_tkfmt,test-koap-5.3,unseen_articles,search,koap,1.00000,1.00000,1.00000,1.00000
test,chunk_tkfmt,test-koap-5.24,unseen_articles,legal,koap,1.00000,1.00000,1.00000,1.00000
test,chunk_tkfmt,test-koap-5.50,unseen_articles,search,koap,0.63093,1.00000,1.00000,0.50000
test,chunk_tkfmt,test-koap-5.54,unseen_articles,search,koap,0.35621,0.00000,1.00000,0.16667
test,chunk_tkfmt,test-koap-5.53,unseen_articles,legal,koap,1.00000,1.00000,1.00000,1.00000
test,chunk_tkfmt,test-koap-6.4,unseen_articles,search,koap,1.00000,1.00000,1.00000,1.00000
test,chunk_tkfmt,test-koap-6.16,unseen_articles,everyday,koap,0.00000,0.00000,0.00000,0.00000
test,chunk_tkfmt,test-koap-6.22,unseen_articles,everyday,koap,0.63093,1.00000,1.00000,0.50000
test,chunk_tkfmt,test-koap-7.27.1,unseen_articles,search,koap,0.63093,1.00000,1.00000,0.50000
test,chunk_tkfmt,test-koap-7.7,unseen_articles,legal,koap,1.00000,1.00000,1.00000,1.00000
test,chunk_tkfmt,test-koap-8.18,unseen_articles,search,koap,0.38685,1.00000,1.00000,0.20000
test,chunk_tkfmt,test-koap-8.25,unseen_articles,everyday,koap,0.63093,1.00000,1.00000,0.50000
test,chunk_tkfmt,test-koap-8.23,unseen_articles,everyday,koap,0.63093,1.00000,1.00000,0.50000
test,chunk_tkfmt,test-koap-8.28.1,unseen_articles,everyday,koap,1.00000,1.00000,1.00000,1.00000
test,chunk_tkfmt,test-koap-8.54,unseen_articles,legal,koap,0.63093,1.00000,1.00000,0.50000
test,chunk_tkfmt,test-koap-9.16,unseen_articles,legal,koap,1.00000,1.00000,1.00000,1.00000
test,chunk_tkfmt,test-tk-150,unseen_articles,search,tk,1.00000,1.00000,1.00000,1.00000
test,chunk_tkfmt,test-koap-9.22,unseen_articles,legal,koap,0.50000,1.00000,1.00000,0.33333
test,chunk_tkfmt,test-tk-16,unseen_articles,legal,tk,1.00000,1.00000,1.00000,1.00000
test,chunk_tkfmt,test-tk-160,unseen_articles,search,tk,1.00000,1.00000,1.00000,1.00000
test,chunk_tkfmt,test-tk-171,unseen_articles,search,tk,0.50000,1.00000,1.00000,0.33333
test,chunk_tkfmt,test-tk-165,unseen_articles,legal,tk,0.63093,1.00000,1.00000,0.50000
test,chunk_tkfmt,test-tk-164,unseen_articles,everyday,tk,1.00000,1.00000,1.00000,1.00000
test,chunk_tkfmt,test-tk-19,unseen_articles,legal,tk,1.00000,1.00000,1.00000,1.00000
test,chunk_tkfmt,test-tk-191,unseen_articles,legal,tk,1.00000,1.00000,1.00000,1.00000
test,chunk_tkfmt,test-tk-186.1,unseen_articles,everyday,tk,1.00000,1.00000,1.00000,1.00000
test,chunk_tkfmt,test-tk-197,unseen_articles,legal,tk,0.63093,1.00000,1.00000,0.50000
test,chunk_tkfmt,test-tk-20,unseen_articles,legal,tk,1.00000,1.00000,1.00000,1.00000
test,chunk_tkfmt,test-tk-210,unseen_articles,legal,tk,0.35621,0.00000,1.00000,0.16667
test,chunk_tkfmt,test-tk-21,unseen_articles,everyday,tk,0.35621,0.00000,1.00000,0.16667
test,chunk_tkfmt,test-tk-211.1,unseen_articles,everyday,tk,1.00000,1.00000,1.00000,1.00000
test,chunk_tkfmt,test-tk-221,unseen_articles,everyday,tk,0.63093,1.00000,1.00000,0.50000
test,chunk_tkfmt,test-tk-223,unseen_articles,legal,tk,1.00000,1.00000,1.00000,1.00000
test,chunk_tkfmt,test-tk-262,unseen_articles,search,tk,1.00000,1.00000,1.00000,1.00000
test,chunk_tkfmt,test-tk-267,unseen_articles,legal,tk,1.00000,1.00000,1.00000,1.00000
test,chunk_tkfmt,test-tk-245,unseen_articles,everyday,tk,1.00000,1.00000,1.00000,1.00000
test,chunk_tkfmt,test-tk-309.1,unseen_articles,search,tk,0.63093,1.00000,1.00000,0.50000
test,chunk_tkfmt,test-tk-310,unseen_articles,legal,tk,1.00000,1.00000,1.00000,1.00000
test,chunk_tkfmt,test-tk-29,unseen_articles,everyday,tk,1.00000,1.00000,1.00000,1.00000
test,chunk_tkfmt,test-tk-329,unseen_articles,search,tk,0.63093,1.00000,1.00000,0.50000
test,chunk_tkfmt,test-tk-327.6,unseen_articles,everyday,tk,0.43068,1.00000,1.00000,0.25000
test,chunk_tkfmt,test-tk-33,unseen_articles,legal,tk,0.63093,1.00000,1.00000,0.50000
test,chunk_tkfmt,test-tk-348.2,unseen_articles,search,tk,1.00000,1.00000,1.00000,1.00000
test,chunk_tkfmt,test-tk-334,unseen_articles,legal,tk,1.00000,1.00000,1.00000,1.00000
test,chunk_tkfmt,test-tk-80,unseen_articles,search,tk,1.00000,1.00000,1.00000,1.00000
test,chunk_tkfmt,test-tk-351.4,unseen_articles,everyday,tk,1.00000,1.00000,1.00000,1.00000
test,chunk_tkfmt,test-tk-41,unseen_articles,everyday,tk,0.63093,1.00000,1.00000,0.50000
test,chunk_tkfmt,test-zhk-1,unseen_articles,search,zhk,1.00000,1.00000,1.00000,1.00000
test,chunk_tkfmt,test-tk-86,unseen_articles,everyday,tk,1.00000,1.00000,1.00000,1.00000
test,chunk_tkfmt,test-zhk-109,unseen_articles,everyday,zhk,0.30103,0.00000,1.00000,0.11111
test,chunk_tkfmt,test-zhk-11,unseen_articles,everyday,zhk,0.63093,1.00000,1.00000,0.50000
test,chunk_tkfmt,test-zhk-155,unseen_articles,search,zhk,1.00000,1.00000,1.00000,1.00000
test,chunk_tkfmt,test-zhk-142,unseen_articles,legal,zhk,1.00000,1.00000,1.00000,1.00000
test,chunk_tkfmt,test-zhk-143,unseen_articles,legal,zhk,1.00000,1.00000,1.00000,1.00000
test,chunk_tkfmt,test-zhk-156.1,unseen_articles,search,zhk,1.00000,1.00000,1.00000,1.00000
test,chunk_tkfmt,test-zhk-167,unseen_articles,search,zhk,1.00000,1.00000,1.00000,1.00000
test,chunk_tkfmt,test-zhk-157,unseen_articles,legal,zhk,1.00000,1.00000,1.00000,1.00000
test,chunk_tkfmt,test-zhk-43,unseen_articles,search,zhk,1.00000,1.00000,1.00000,1.00000
test,chunk_tkfmt,test-zhk-49,unseen_articles,search,zhk,1.00000,1.00000,1.00000,1.00000
test,chunk_tkfmt,test-zhk-60,unseen_articles,search,zhk,0.33333,0.00000,1.00000,0.14286
test,chunk_tkfmt,test-zhk-68,unseen_articles,search,zhk,1.00000,1.00000,1.00000,1.00000
test,chunk_tkfmt,test-zhk-91.15,unseen_articles,legal,zhk,1.00000,1.00000,1.00000,1.00000
test,chunk_tkfmt,test-sk-1,unseen_codes,legal,sk,1.00000,1.00000,1.00000,1.00000
test,chunk_tkfmt,test-sk-10,unseen_codes,search,sk,0.63093,1.00000,1.00000,0.50000
test,chunk_tkfmt,test-zhk-92,unseen_articles,everyday,zhk,1.00000,1.00000,1.00000,1.00000
test,chunk_tkfmt,test-sk-102,unseen_codes,legal,sk,1.00000,1.00000,1.00000,1.00000
test,chunk_tkfmt,test-sk-100,unseen_codes,legal,sk,1.00000,1.00000,1.00000,1.00000
test,chunk_tkfmt,test-sk-101,unseen_codes,everyday,sk,1.00000,1.00000,1.00000,1.00000
test,chunk_tkfmt,test-sk-103,unseen_codes,search,sk,0.35621,0.00000,1.00000,0.16667
test,chunk_tkfmt,test-sk-104,unseen_codes,everyday,sk,0.43068,1.00000,1.00000,0.25000
test,chunk_tkfmt,test-sk-106,unseen_codes,legal,sk,0.63093,1.00000,1.00000,0.50000
test,chunk_tkfmt,test-sk-105,unseen_codes,everyday,sk,0.63093,1.00000,1.00000,0.50000
test,chunk_tkfmt,test-sk-108,unseen_codes,search,sk,1.00000,1.00000,1.00000,1.00000
test,chunk_tkfmt,test-sk-109,unseen_codes,search,sk,1.00000,1.00000,1.00000,1.00000
test,chunk_tkfmt,test-sk-110,unseen_codes,search,sk,1.00000,1.00000,1.00000,1.00000
test,chunk_tkfmt,test-sk-11,unseen_codes,legal,sk,1.00000,1.00000,1.00000,1.00000
test,chunk_tkfmt,test-sk-107,unseen_codes,everyday,sk,0.63093,1.00000,1.00000,0.50000
test,chunk_tkfmt,test-sk-111,unseen_codes,search,sk,1.00000,1.00000,1.00000,1.00000
test,chunk_tkfmt,test-sk-113,unseen_codes,legal,sk,1.00000,1.00000,1.00000,1.00000
test,chunk_tkfmt,test-sk-112,unseen_codes,everyday,sk,1.00000,1.00000,1.00000,1.00000
test,chunk_tkfmt,test-sk-115,unseen_codes,search,sk,1.00000,1.00000,1.00000,1.00000
test,chunk_tkfmt,test-sk-114,unseen_codes,everyday,sk,1.00000,1.00000,1.00000,1.00000
test,chunk_tkfmt,test-sk-116,unseen_codes,legal,sk,1.00000,1.00000,1.00000,1.00000
test,chunk_tkfmt,test-sk-117,unseen_codes,legal,sk,1.00000,1.00000,1.00000,1.00000
test,chunk_tkfmt,test-sk-118,unseen_codes,legal,sk,1.00000,1.00000,1.00000,1.00000
test,chunk_tkfmt,test-sk-119,unseen_codes,legal,sk,1.00000,1.00000,1.00000,1.00000
test,chunk_tkfmt,test-sk-121,unseen_codes,search,sk,1.00000,1.00000,1.00000,1.00000
test,chunk_tkfmt,test-sk-12,unseen_codes,everyday,sk,0.63093,1.00000,1.00000,0.50000
test,chunk_tkfmt,test-sk-120,unseen_codes,everyday,sk,0.50000,1.00000,1.00000,0.33333
test,chunk_tkfmt,test-sk-122,unseen_codes,search,sk,1.00000,1.00000,1.00000,1.00000
test,chunk_tkfmt,test-sk-123,unseen_codes,everyday,sk,1.00000,1.00000,1.00000,1.00000
test,chunk_tkfmt,test-sk-125,unseen_codes,legal,sk,1.00000,1.00000,1.00000,1.00000
test,chunk_tkfmt,test-sk-126,unseen_codes,search,sk,1.00000,1.00000,1.00000,1.00000
test,chunk_tkfmt,test-sk-124,unseen_codes,everyday,sk,1.00000,1.00000,1.00000,1.00000
test,chunk_tkfmt,test-sk-126.1,unseen_codes,search,sk,1.00000,1.00000,1.00000,1.00000
test,chunk_tkfmt,test-sk-127,unseen_codes,search,sk,1.00000,1.00000,1.00000,1.00000
test,chunk_tkfmt,test-sk-13,unseen_codes,search,sk,1.00000,1.00000,1.00000,1.00000
test,chunk_tkfmt,test-sk-129,unseen_codes,everyday,sk,1.00000,1.00000,1.00000,1.00000
test,chunk_tkfmt,test-sk-128,unseen_codes,everyday,sk,1.00000,1.00000,1.00000,1.00000
test,chunk_tkfmt,test-sk-130,unseen_codes,search,sk,1.00000,1.00000,1.00000,1.00000
test,chunk_tkfmt,test-sk-131,unseen_codes,legal,sk,1.00000,1.00000,1.00000,1.00000
test,chunk_tkfmt,test-sk-132,unseen_codes,legal,sk,1.00000,1.00000,1.00000,1.00000
test,chunk_tkfmt,test-sk-133,unseen_codes,everyday,sk,1.00000,1.00000,1.00000,1.00000
test,chunk_tkfmt,test-sk-135,unseen_codes,legal,sk,1.00000,1.00000,1.00000,1.00000
test,chunk_tkfmt,test-sk-134,unseen_codes,everyday,sk,1.00000,1.00000,1.00000,1.00000
test,chunk_tkfmt,test-sk-136,unseen_codes,everyday,sk,1.00000,1.00000,1.00000,1.00000
test,chunk_tkfmt,test-sk-137,unseen_codes,legal,sk,1.00000,1.00000,1.00000,1.00000
test,chunk_tkfmt,test-sk-138,unseen_codes,legal,sk,1.00000,1.00000,1.00000,1.00000
test,chunk_tkfmt,test-sk-139,unseen_codes,legal,sk,1.00000,1.00000,1.00000,1.00000
test,chunk_tkfmt,test-sk-14,unseen_codes,legal,sk,1.00000,1.00000,1.00000,1.00000
test,chunk_tkfmt,test-sk-140,unseen_codes,legal,sk,1.00000,1.00000,1.00000,1.00000
test,chunk_tkfmt,test-sk-142,unseen_codes,legal,sk,1.00000,1.00000,1.00000,1.00000
test,chunk_tkfmt,test-sk-141,unseen_codes,everyday,sk,1.00000,1.00000,1.00000,1.00000
test,chunk_tkfmt,test-sk-143,unseen_codes,legal,sk,1.00000,1.00000,1.00000,1.00000
test,chunk_tkfmt,test-sk-145,unseen_codes,everyday,sk,1.00000,1.00000,1.00000,1.00000
test,chunk_tkfmt,test-sk-144,unseen_codes,everyday,sk,1.00000,1.00000,1.00000,1.00000
test,chunk_tkfmt,test-sk-146,unseen_codes,everyday,sk,0.63093,1.00000,1.00000,0.50000
test,chunk_tkfmt,test-sk-148.1,unseen_codes,legal,sk,1.00000,1.00000,1.00000,1.00000
test,chunk_tkfmt,test-sk-148,unseen_codes,everyday,sk,1.00000,1.00000,1.00000,1.00000
test,chunk_tkfmt,test-sk-15,unseen_codes,legal,sk,1.00000,1.00000,1.00000,1.00000
test,chunk_tkfmt,test-sk-152,unseen_codes,everyday,sk,0.00000,0.00000,0.00000,0.00000
test,chunk_tkfmt,test-sk-153,unseen_codes,legal,sk,1.00000,1.00000,1.00000,1.00000
test,chunk_tkfmt,test-sk-155.1,unseen_codes,search,sk,1.00000,1.00000,1.00000,1.00000
test,chunk_tkfmt,test-sk-153.1,unseen_codes,legal,sk,1.00000,1.00000,1.00000,1.00000
test,chunk_tkfmt,test-sk-153.2,unseen_codes,search,sk,1.00000,1.00000,1.00000,1.00000
test,chunk_tkfmt,test-sk-155.2,unseen_codes,legal,sk,1.00000,1.00000,1.00000,1.00000
test,chunk_tkfmt,test-sk-156,unseen_codes,legal,sk,1.00000,1.00000,1.00000,1.00000
test,chunk_tkfmt,test-sk-155.3,unseen_codes,everyday,sk,0.00000,0.00000,0.00000,0.00000
test,chunk_tkfmt,test-sk-157,unseen_codes,search,sk,1.00000,1.00000,1.00000,1.00000
test,chunk_tkfmt,test-sk-158,unseen_codes,everyday,sk,1.00000,1.00000,1.00000,1.00000
test,chunk_tkfmt,test-sk-16,unseen_codes,search,sk,1.00000,1.00000,1.00000,1.00000
test,chunk_tkfmt,test-sk-159,unseen_codes,legal,sk,1.00000,1.00000,1.00000,1.00000
test,chunk_tkfmt,test-sk-160,unseen_codes,legal,sk,1.00000,1.00000,1.00000,1.00000
test,chunk_tkfmt,test-sk-162,unseen_codes,search,sk,0.30103,0.00000,1.00000,0.11111
test,chunk_tkfmt,test-sk-161,unseen_codes,everyday,sk,1.00000,1.00000,1.00000,1.00000
test,chunk_tkfmt,test-sk-165,unseen_codes,search,sk,1.00000,1.00000,1.00000,1.00000
test,chunk_tkfmt,test-sk-163,unseen_codes,everyday,sk,0.50000,1.00000,1.00000,0.33333
test,chunk_tkfmt,test-sk-164,unseen_codes,everyday,sk,0.43068,1.00000,1.00000,0.25000
test,chunk_tkfmt,test-sk-167,unseen_codes,search,sk,1.00000,1.00000,1.00000,1.00000
test,chunk_tkfmt,test-sk-168,unseen_codes,legal,sk,1.00000,1.00000,1.00000,1.00000
test,chunk_tkfmt,test-sk-169,unseen_codes,legal,sk,1.00000,1.00000,1.00000,1.00000
test,chunk_tkfmt,test-sk-166,unseen_codes,everyday,sk,0.50000,1.00000,1.00000,0.33333
test,chunk_tkfmt,test-sk-18,unseen_codes,everyday,sk,0.35621,0.00000,1.00000,0.16667
test,chunk_tkfmt,test-sk-170,unseen_codes,everyday,sk,0.00000,0.00000,0.00000,0.00000
test,chunk_tkfmt,test-sk-19,unseen_codes,everyday,sk,1.00000,1.00000,1.00000,1.00000
test,chunk_tkfmt,test-sk-20,unseen_codes,search,sk,0.28906,0.00000,1.00000,0.10000
test,chunk_tkfmt,test-sk-2,unseen_codes,legal,sk,1.00000,1.00000,1.00000,1.00000
test,chunk_tkfmt,test-sk-21,unseen_codes,search,sk,0.43068,1.00000,1.00000,0.25000
test,chunk_tkfmt,test-sk-22,unseen_codes,everyday,sk,0.50000,1.00000,1.00000,0.33333
test,chunk_tkfmt,test-sk-23,unseen_codes,everyday,sk,0.63093,1.00000,1.00000,0.50000
test,chunk_tkfmt,test-sk-24,unseen_codes,everyday,sk,1.00000,1.00000,1.00000,1.00000
test,chunk_tkfmt,test-sk-25,unseen_codes,legal,sk,0.63093,1.00000,1.00000,0.50000
test,chunk_tkfmt,test-sk-28,unseen_codes,search,sk,1.00000,1.00000,1.00000,1.00000
test,chunk_tkfmt,test-sk-26,unseen_codes,everyday,sk,1.00000,1.00000,1.00000,1.00000
test,chunk_tkfmt,test-sk-27,unseen_codes,everyday,sk,0.63093,1.00000,1.00000,0.50000
test,chunk_tkfmt,test-sk-3,unseen_codes,legal,sk,1.00000,1.00000,1.00000,1.00000
test,chunk_tkfmt,test-sk-30,unseen_codes,search,sk,1.00000,1.00000,1.00000,1.00000
test,chunk_tkfmt,test-sk-29,unseen_codes,everyday,sk,0.63093,1.00000,1.00000,0.50000
test,chunk_tkfmt,test-sk-31,unseen_codes,search,sk,1.00000,1.00000,1.00000,1.00000
test,chunk_tkfmt,test-sk-33,unseen_codes,legal,sk,0.63093,1.00000,1.00000,0.50000
test,chunk_tkfmt,test-sk-34,unseen_codes,legal,sk,1.00000,1.00000,1.00000,1.00000
test,chunk_tkfmt,test-sk-32,unseen_codes,everyday,sk,1.00000,1.00000,1.00000,1.00000
test,chunk_tkfmt,test-sk-36,unseen_codes,search,sk,0.50000,1.00000,1.00000,0.33333
test,chunk_tkfmt,test-sk-35,unseen_codes,legal,sk,1.00000,1.00000,1.00000,1.00000
test,chunk_tkfmt,test-sk-37,unseen_codes,legal,sk,0.50000,1.00000,1.00000,0.33333
test,chunk_tkfmt,test-sk-39,unseen_codes,legal,sk,1.00000,1.00000,1.00000,1.00000
test,chunk_tkfmt,test-sk-4,unseen_codes,search,sk,1.00000,1.00000,1.00000,1.00000
test,chunk_tkfmt,test-sk-38,unseen_codes,everyday,sk,1.00000,1.00000,1.00000,1.00000
test,chunk_tkfmt,test-sk-40,unseen_codes,legal,sk,0.63093,1.00000,1.00000,0.50000
test,chunk_tkfmt,test-sk-41,unseen_codes,search,sk,0.50000,1.00000,1.00000,0.33333
test,chunk_tkfmt,test-sk-43,unseen_codes,legal,sk,1.00000,1.00000,1.00000,1.00000
test,chunk_tkfmt,test-sk-44,unseen_codes,legal,sk,1.00000,1.00000,1.00000,1.00000
test,chunk_tkfmt,test-sk-42,unseen_codes,everyday,sk,0.63093,1.00000,1.00000,0.50000
test,chunk_tkfmt,test-sk-46,unseen_codes,search,sk,1.00000,1.00000,1.00000,1.00000
test,chunk_tkfmt,test-sk-48,unseen_codes,search,sk,1.00000,1.00000,1.00000,1.00000
test,chunk_tkfmt,test-sk-45,unseen_codes,everyday,sk,1.00000,1.00000,1.00000,1.00000
test,chunk_tkfmt,test-sk-49,unseen_codes,search,sk,1.00000,1.00000,1.00000,1.00000
test,chunk_tkfmt,test-sk-5,unseen_codes,search,sk,0.00000,0.00000,0.00000,0.00000
test,chunk_tkfmt,test-sk-50,unseen_codes,search,sk,1.00000,1.00000,1.00000,1.00000
test,chunk_tkfmt,test-sk-51,unseen_codes,everyday,sk,0.63093,1.00000,1.00000,0.50000
test,chunk_tkfmt,test-sk-53,unseen_codes,legal,sk,1.00000,1.00000,1.00000,1.00000
test,chunk_tkfmt,test-sk-52,unseen_codes,everyday,sk,1.00000,1.00000,1.00000,1.00000
test,chunk_tkfmt,test-sk-55,unseen_codes,legal,sk,0.50000,1.00000,1.00000,0.33333
test,chunk_tkfmt,test-sk-54,unseen_codes,everyday,sk,0.63093,1.00000,1.00000,0.50000
test,chunk_tkfmt,test-sk-56,unseen_codes,everyday,sk,1.00000,1.00000,1.00000,1.00000
test,chunk_tkfmt,test-sk-57,unseen_codes,legal,sk,1.00000,1.00000,1.00000,1.00000
test,chunk_tkfmt,test-sk-59,unseen_codes,search,sk,1.00000,1.00000,1.00000,1.00000
test,chunk_tkfmt,test-sk-58,unseen_codes,everyday,sk,0.63093,1.00000,1.00000,0.50000
test,chunk_tkfmt,test-sk-60,unseen_codes,legal,sk,1.00000,1.00000,1.00000,1.00000
test,chunk_tkfmt,test-sk-61,unseen_codes,search,sk,0.43068,1.00000,1.00000,0.25000
test,chunk_tkfmt,test-sk-62,unseen_codes,legal,sk,1.00000,1.00000,1.00000,1.00000
test,chunk_tkfmt,test-sk-63,unseen_codes,legal,sk,1.00000,1.00000,1.00000,1.00000
test,chunk_tkfmt,test-sk-6,unseen_codes,everyday,sk,0.63093,1.00000,1.00000,0.50000
test,chunk_tkfmt,test-sk-65,unseen_codes,search,sk,0.50000,1.00000,1.00000,0.33333
test,chunk_tkfmt,test-sk-64,unseen_codes,search,sk,1.00000,1.00000,1.00000,1.00000
test,chunk_tkfmt,test-sk-66,unseen_codes,legal,sk,0.63093,1.00000,1.00000,0.50000
test,chunk_tkfmt,test-sk-67,unseen_codes,legal,sk,1.00000,1.00000,1.00000,1.00000
test,chunk_tkfmt,test-sk-68,unseen_codes,everyday,sk,1.00000,1.00000,1.00000,1.00000
test,chunk_tkfmt,test-sk-69,unseen_codes,everyday,sk,1.00000,1.00000,1.00000,1.00000
test,chunk_tkfmt,test-sk-71,unseen_codes,search,sk,1.00000,1.00000,1.00000,1.00000
test,chunk_tkfmt,test-sk-7,unseen_codes,everyday,sk,0.00000,0.00000,0.00000,0.00000
test,chunk_tkfmt,test-sk-70,unseen_codes,everyday,sk,1.00000,1.00000,1.00000,1.00000
test,chunk_tkfmt,test-sk-73,unseen_codes,search,sk,1.00000,1.00000,1.00000,1.00000
test,chunk_tkfmt,test-sk-72,unseen_codes,everyday,sk,1.00000,1.00000,1.00000,1.00000
test,chunk_tkfmt,test-sk-74,unseen_codes,legal,sk,1.00000,1.00000,1.00000,1.00000
test,chunk_tkfmt,test-sk-75,unseen_codes,legal,sk,1.00000,1.00000,1.00000,1.00000
test,chunk_tkfmt,test-sk-76,unseen_codes,search,sk,1.00000,1.00000,1.00000,1.00000
test,chunk_tkfmt,test-sk-78,unseen_codes,legal,sk,1.00000,1.00000,1.00000,1.00000
test,chunk_tkfmt,test-sk-77,unseen_codes,everyday,sk,1.00000,1.00000,1.00000,1.00000
test,chunk_tkfmt,test-sk-79,unseen_codes,legal,sk,1.00000,1.00000,1.00000,1.00000
test,chunk_tkfmt,test-sk-8,unseen_codes,legal,sk,1.00000,1.00000,1.00000,1.00000
test,chunk_tkfmt,test-sk-81,unseen_codes,search,sk,1.00000,1.00000,1.00000,1.00000
test,chunk_tkfmt,test-sk-80,unseen_codes,everyday,sk,0.35621,0.00000,1.00000,0.16667
test,chunk_tkfmt,test-sk-82,unseen_codes,search,sk,1.00000,1.00000,1.00000,1.00000
test,chunk_tkfmt,test-sk-84,unseen_codes,search,sk,1.00000,1.00000,1.00000,1.00000
test,chunk_tkfmt,test-sk-83,unseen_codes,legal,sk,1.00000,1.00000,1.00000,1.00000
test,chunk_tkfmt,test-sk-85,unseen_codes,legal,sk,1.00000,1.00000,1.00000,1.00000
test,chunk_tkfmt,test-sk-86,unseen_codes,search,sk,1.00000,1.00000,1.00000,1.00000
test,chunk_tkfmt,test-sk-88,unseen_codes,search,sk,0.63093,1.00000,1.00000,0.50000
test,chunk_tkfmt,test-sk-87,unseen_codes,everyday,sk,0.50000,1.00000,1.00000,0.33333
test,chunk_tkfmt,test-sk-89,unseen_codes,legal,sk,1.00000,1.00000,1.00000,1.00000
test,chunk_tkfmt,test-sk-9,unseen_codes,search,sk,1.00000,1.00000,1.00000,1.00000
test,chunk_tkfmt,test-sk-90,unseen_codes,everyday,sk,1.00000,1.00000,1.00000,1.00000
test,chunk_tkfmt,test-sk-92,unseen_codes,everyday,sk,0.50000,1.00000,1.00000,0.33333
test,chunk_tkfmt,test-sk-94,unseen_codes,search,sk,1.00000,1.00000,1.00000,1.00000
test,chunk_tkfmt,test-sk-93,unseen_codes,legal,sk,1.00000,1.00000,1.00000,1.00000
test,chunk_tkfmt,test-sk-96,unseen_codes,search,sk,1.00000,1.00000,1.00000,1.00000
test,chunk_tkfmt,test-sk-97,unseen_codes,search,sk,1.00000,1.00000,1.00000,1.00000
test,chunk_tkfmt,test-sk-95,unseen_codes,legal,sk,1.00000,1.00000,1.00000,1.00000
test,chunk_tkfmt,test-sk-98,unseen_codes,search,sk,1.00000,1.00000,1.00000,1.00000
test,chunk_tkfmt,test-sk-99,unseen_codes,search,sk,1.00000,1.00000,1.00000,1.00000
test,chunk_tkfmt,test-zozpp-1,unseen_codes,legal,zozpp,0.00000,0.00000,0.00000,0.00000
test,chunk_tkfmt,test-zozpp-11,unseen_codes,search,zozpp,1.00000,1.00000,1.00000,1.00000
test,chunk_tkfmt,test-zozpp-10,unseen_codes,everyday,zozpp,0.50000,1.00000,1.00000,0.33333
test,chunk_tkfmt,test-zozpp-10.1,unseen_codes,everyday,zozpp,1.00000,1.00000,1.00000,1.00000
test,chunk_tkfmt,test-zozpp-13,unseen_codes,search,zozpp,0.63093,1.00000,1.00000,0.50000
test,chunk_tkfmt,test-zozpp-12,unseen_codes,legal,zozpp,1.00000,1.00000,1.00000,1.00000
test,chunk_tkfmt,test-zozpp-14,unseen_codes,everyday,zozpp,0.35621,0.00000,1.00000,0.16667
test,chunk_tkfmt,test-zozpp-15,unseen_codes,legal,zozpp,1.00000,1.00000,1.00000,1.00000
test,chunk_tkfmt,test-zozpp-16,unseen_codes,search,zozpp,1.00000,1.00000,1.00000,1.00000
test,chunk_tkfmt,test-zozpp-16.1,unseen_codes,search,zozpp,0.63093,1.00000,1.00000,0.50000
test,chunk_tkfmt,test-zozpp-17,unseen_codes,search,zozpp,1.00000,1.00000,1.00000,1.00000
test,chunk_tkfmt,test-zozpp-18,unseen_codes,search,zozpp,1.00000,1.00000,1.00000,1.00000
test,chunk_tkfmt,test-zozpp-2,unseen_codes,search,zozpp,0.31546,0.00000,1.00000,0.12500
test,chunk_tkfmt,test-zozpp-19,unseen_codes,legal,zozpp,1.00000,1.00000,1.00000,1.00000
test,chunk_tkfmt,test-zozpp-21,unseen_codes,search,zozpp,1.00000,1.00000,1.00000,1.00000
test,chunk_tkfmt,test-zozpp-22,unseen_codes,search,zozpp,1.00000,1.00000,1.00000,1.00000
test,chunk_tkfmt,test-zozpp-20,unseen_codes,everyday,zozpp,1.00000,1.00000,1.00000,1.00000
test,chunk_tkfmt,test-zozpp-23.1,unseen_codes,search,zozpp,1.00000,1.00000,1.00000,1.00000
test,chunk_tkfmt,test-zozpp-23,unseen_codes,legal,zozpp,1.00000,1.00000,1.00000,1.00000
test,chunk_tkfmt,test-zozpp-24,unseen_codes,everyday,zozpp,1.00000,1.00000,1.00000,1.00000
test,chunk_tkfmt,test-zozpp-25,unseen_codes,everyday,zozpp,0.63093,1.00000,1.00000,0.50000
test,chunk_tkfmt,test-zozpp-26.1,unseen_codes,everyday,zozpp,1.00000,1.00000,1.00000,1.00000
test,chunk_tkfmt,test-zozpp-27,unseen_codes,search,zozpp,1.00000,1.00000,1.00000,1.00000
test,chunk_tkfmt,test-zozpp-28,unseen_codes,search,zozpp,1.00000,1.00000,1.00000,1.00000
test,chunk_tkfmt,test-zozpp-3,unseen_codes,search,zozpp,1.00000,1.00000,1.00000,1.00000
test,chunk_tkfmt,test-zozpp-29,unseen_codes,legal,zozpp,1.00000,1.00000,1.00000,1.00000
test,chunk_tkfmt,test-zozpp-32,unseen_codes,search,zozpp,1.00000,1.00000,1.00000,1.00000
test,chunk_tkfmt,test-zozpp-30,unseen_codes,everyday,zozpp,0.63093,1.00000,1.00000,0.50000
test,chunk_tkfmt,test-zozpp-33,unseen_codes,search,zozpp,1.00000,1.00000,1.00000,1.00000
test,chunk_tkfmt,test-zozpp-31,unseen_codes,everyday,zozpp,0.63093,1.00000,1.00000,0.50000
test,chunk_tkfmt,test-zozpp-35,unseen_codes,search,zozpp,1.00000,1.00000,1.00000,1.00000
test,chunk_tkfmt,test-zozpp-34,unseen_codes,everyday,zozpp,0.50000,1.00000,1.00000,0.33333
test,chunk_tkfmt,test-zozpp-37,unseen_codes,everyday,zozpp,0.63093,1.00000,1.00000,0.50000
test,chunk_tkfmt,test-zozpp-39,unseen_codes,search,zozpp,1.00000,1.00000,1.00000,1.00000
test,chunk_tkfmt,test-zozpp-36,unseen_codes,everyday,zozpp,0.50000,1.00000,1.00000,0.33333
test,chunk_tkfmt,test-zozpp-40,unseen_codes,legal,zozpp,0.00000,0.00000,0.00000,0.00000
test,chunk_tkfmt,test-zozpp-41,unseen_codes,everyday,zozpp,1.00000,1.00000,1.00000,1.00000
test,chunk_tkfmt,test-zozpp-42.1,unseen_codes,search,zozpp,1.00000,1.00000,1.00000,1.00000
test,chunk_tkfmt,test-zozpp-42.3,unseen_codes,legal,zozpp,1.00000,1.00000,1.00000,1.00000
test,chunk_tkfmt,test-zozpp-42.2,unseen_codes,legal,zozpp,1.00000,1.00000,1.00000,1.00000
test,chunk_tkfmt,test-zozpp-43,unseen_codes,everyday,zozpp,0.00000,0.00000,0.00000,0.00000
test,chunk_tkfmt,test-zozpp-45,unseen_codes,search,zozpp,1.00000,1.00000,1.00000,1.00000
test,chunk_tkfmt,test-zozpp-44,unseen_codes,search,zozpp,1.00000,1.00000,1.00000,1.00000
test,chunk_tkfmt,test-zozpp-46,unseen_codes,legal,zozpp,1.00000,1.00000,1.00000,1.00000
test,chunk_tkfmt,test-zozpp-6,unseen_codes,everyday,zozpp,0.35621,0.00000,1.00000,0.16667
test,chunk_tkfmt,test-zozpp-5,unseen_codes,everyday,zozpp,0.00000,0.00000,0.00000,0.00000
test,chunk_tkfmt,test-zozpp-7,unseen_codes,legal,zozpp,1.00000,1.00000,1.00000,1.00000
test,chunk_tkfmt,test-zozpp-9,unseen_codes,search,zozpp,1.00000,1.00000,1.00000,1.00000
test,chunk_tkfmt,test-zozpp-8,unseen_codes,legal,zozpp,0.35621,0.00000,1.00000,0.16667
golden,chunk_tkfmt,test-gk-1017,seen,legal,gk,0.61315,0.50000,0.50000,1.00000
golden,chunk_tkfmt,test-gk-1048,unseen_articles,legal,gk,1.00000,1.00000,1.00000,1.00000
golden,chunk_tkfmt,test-gk-1055,unseen_articles,legal,gk,1.00000,1.00000,1.00000,1.00000
golden,chunk_tkfmt,test-gk-1079,seen,everyday,gk,0.00000,0.00000,0.00000,0.00000
golden,chunk_tkfmt,test-gk-1085,seen,everyday,gk,0.50000,1.00000,1.00000,0.33333
golden,chunk_tkfmt,test-gk-1190,unseen_articles,legal,gk,1.00000,1.00000,1.00000,1.00000
golden,chunk_tkfmt,test-gk-123.20-5,seen,search,gk,1.00000,1.00000,1.00000,1.00000
golden,chunk_tkfmt,test-gk-135,unseen_articles,everyday,gk,0.00000,0.00000,0.00000,0.00000
golden,chunk_tkfmt,test-gk-1357,seen,legal,gk,1.00000,1.00000,1.00000,1.00000
golden,chunk_tkfmt,test-gk-136,unseen_articles,legal,gk,1.00000,1.00000,1.00000,1.00000
golden,chunk_tkfmt,test-gk-1368,unseen_articles,search,gk,1.00000,1.00000,1.00000,1.00000
golden,chunk_tkfmt,test-gk-1369,seen,everyday,gk,0.50000,1.00000,1.00000,0.33333
golden,chunk_tkfmt,test-gk-1386,unseen_articles,everyday,gk,1.00000,1.00000,1.00000,1.00000
golden,chunk_tkfmt,test-gk-1427,seen,legal,gk,1.00000,1.00000,1.00000,1.00000
golden,chunk_tkfmt,test-gk-1439,unseen_articles,everyday,gk,0.91972,1.00000,1.00000,1.00000
golden,chunk_tkfmt,test-gk-1445,unseen_articles,everyday,gk,1.00000,1.00000,1.00000,1.00000
golden,chunk_tkfmt,test-gk-1471,seen,search,gk,0.43068,1.00000,1.00000,0.25000
golden,chunk_tkfmt,test-gk-1483,seen,search,gk,1.00000,1.00000,1.00000,1.00000
golden,chunk_tkfmt,test-gk-1484,unseen_articles,everyday,gk,0.63093,1.00000,1.00000,0.50000
golden,chunk_tkfmt,test-gk-1523,seen,everyday,gk,1.00000,1.00000,1.00000,1.00000
golden,chunk_tkfmt,test-gk-177,seen,search,gk,1.00000,1.00000,1.00000,1.00000
golden,chunk_tkfmt,test-gk-181.3,seen,legal,gk,1.00000,1.00000,1.00000,1.00000
golden,chunk_tkfmt,test-gk-183,seen,legal,gk,1.00000,1.00000,1.00000,1.00000
golden,chunk_tkfmt,test-gk-213,unseen_articles,legal,gk,1.00000,1.00000,1.00000,1.00000
golden,chunk_tkfmt,test-gk-219,unseen_articles,everyday,gk,0.00000,0.00000,0.00000,0.00000
golden,chunk_tkfmt,test-gk-245,unseen_articles,legal,gk,1.00000,1.00000,1.00000,1.00000
golden,chunk_tkfmt,test-gk-31,unseen_articles,search,gk,1.00000,1.00000,1.00000,1.00000
golden,chunk_tkfmt,test-gk-310,unseen_articles,search,gk,0.91972,1.00000,1.00000,1.00000
golden,chunk_tkfmt,test-gk-333,seen,legal,gk,1.00000,1.00000,1.00000,1.00000
golden,chunk_tkfmt,test-gk-356,seen,legal,gk,1.00000,1.00000,1.00000,1.00000
golden,chunk_tkfmt,test-gk-358.10,unseen_articles,search,gk,1.00000,1.00000,1.00000,1.00000
golden,chunk_tkfmt,test-gk-358.14,seen,search,gk,1.00000,1.00000,1.00000,1.00000
golden,chunk_tkfmt,test-gk-358.7,seen,legal,gk,0.80657,0.50000,1.00000,1.00000
golden,chunk_tkfmt,test-gk-45,seen,everyday,gk,1.00000,1.00000,1.00000,1.00000
golden,chunk_tkfmt,test-gk-484,unseen_articles,everyday,gk,0.50000,1.00000,1.00000,0.33333
golden,chunk_tkfmt,test-gk-507,unseen_articles,everyday,gk,0.00000,0.00000,0.00000,0.00000
golden,chunk_tkfmt,test-gk-542,seen,everyday,gk,1.00000,1.00000,1.00000,1.00000
golden,chunk_tkfmt,test-gk-60.2,unseen_articles,legal,gk,1.00000,1.00000,1.00000,1.00000
golden,chunk_tkfmt,test-gk-606,seen,search,gk,0.63093,1.00000,1.00000,0.50000
golden,chunk_tkfmt,test-gk-63,seen,everyday,gk,1.00000,1.00000,1.00000,1.00000
golden,chunk_tkfmt,test-gk-64.2,seen,search,gk,1.00000,1.00000,1.00000,1.00000
golden,chunk_tkfmt,test-gk-644,unseen_articles,everyday,gk,1.00000,1.00000,1.00000,1.00000
golden,chunk_tkfmt,test-gk-65.3,seen,legal,gk,1.00000,1.00000,1.00000,1.00000
golden,chunk_tkfmt,test-gk-724,unseen_articles,search,gk,0.93252,0.66667,1.00000,1.00000
golden,chunk_tkfmt,test-gk-731,unseen_articles,legal,gk,0.83155,0.50000,1.00000,1.00000
golden,chunk_tkfmt,test-gk-745,seen,everyday,gk,0.35015,0.33333,0.66667,0.25000
golden,chunk_tkfmt,test-gk-804,unseen_articles,everyday,gk,0.00000,0.00000,0.00000,0.00000
golden,chunk_tkfmt,test-gk-846,seen,everyday,gk,1.00000,1.00000,1.00000,1.00000
golden,chunk_tkfmt,test-gk-860.13,seen,search,gk,1.00000,1.00000,1.00000,1.00000
golden,chunk_tkfmt,test-gk-860.5,seen,search,gk,1.00000,1.00000,1.00000,1.00000
golden,chunk_tkfmt,test-gk-860.8,unseen_articles,legal,gk,0.63093,1.00000,1.00000,0.50000
golden,chunk_tkfmt,test-gk-864,seen,search,gk,1.00000,1.00000,1.00000,1.00000
golden,chunk_tkfmt,test-gk-867,unseen_articles,search,gk,1.00000,1.00000,1.00000,1.00000
golden,chunk_tkfmt,test-gk-88,seen,search,gk,1.00000,1.00000,1.00000,1.00000
golden,chunk_tkfmt,test-gk-89,unseen_articles,search,gk,0.57143,0.50000,1.00000,0.50000
golden,chunk_tkfmt,test-gk-926.3,seen,legal,gk,1.00000,1.00000,1.00000,1.00000
golden,chunk_tkfmt,test-gk-991,unseen_articles,everyday,gk,0.00000,0.00000,0.00000,0.00000
golden,chunk_tkfmt,test-koap-12.30,seen,legal,koap,1.00000,1.00000,1.00000,1.00000
golden,chunk_tkfmt,test-koap-12.4,seen,search,koap,1.00000,1.00000,1.00000,1.00000
golden,chunk_tkfmt,test-koap-13.13,unseen_articles,legal,koap,1.00000,1.00000,1.00000,1.00000
golden,chunk_tkfmt,test-koap-14.15,unseen_articles,search,koap,0.63093,1.00000,1.00000,0.50000
golden,chunk_tkfmt,test-koap-14.46.1,unseen_articles,search,koap,1.00000,1.00000,1.00000,1.00000
golden,chunk_tkfmt,test-koap-14.56.1,seen,legal,koap,1.00000,1.00000,1.00000,1.00000
golden,chunk_tkfmt,test-koap-14.57,unseen_articles,everyday,koap,1.00000,1.00000,1.00000,1.00000
golden,chunk_tkfmt,test-koap-15.27.3,seen,legal,koap,1.00000,1.00000,1.00000,1.00000
golden,chunk_tkfmt,test-koap-15.30,unseen_articles,everyday,koap,0.00000,0.00000,0.00000,0.00000
golden,chunk_tkfmt,test-koap-17.17,unseen_articles,legal,koap,1.00000,1.00000,1.00000,1.00000
golden,chunk_tkfmt,test-koap-2.1,unseen_articles,everyday,koap,0.00000,0.00000,0.00000,0.00000
golden,chunk_tkfmt,test-koap-20.25,seen,search,koap,1.00000,1.00000,1.00000,1.00000
golden,chunk_tkfmt,test-koap-20.5.1,seen,everyday,koap,1.00000,1.00000,1.00000,1.00000
golden,chunk_tkfmt,test-koap-23.15,seen,legal,koap,1.00000,1.00000,1.00000,1.00000
golden,chunk_tkfmt,test-koap-23.56,unseen_articles,legal,koap,1.00000,1.00000,1.00000,1.00000
golden,chunk_tkfmt,test-koap-27.11,unseen_articles,search,koap,1.00000,1.00000,1.00000,1.00000
golden,chunk_tkfmt,test-koap-27.14,seen,search,koap,1.00000,1.00000,1.00000,1.00000
golden,chunk_tkfmt,test-koap-28.8,unseen_articles,legal,koap,1.00000,1.00000,1.00000,1.00000
golden,chunk_tkfmt,test-koap-29.6,seen,search,koap,1.00000,1.00000,1.00000,1.00000
golden,chunk_tkfmt,test-koap-30.12,seen,everyday,koap,1.00000,1.00000,1.00000,1.00000
golden,chunk_tkfmt,test-koap-30.4,unseen_articles,everyday,koap,1.00000,1.00000,1.00000,1.00000
golden,chunk_tkfmt,test-koap-5.24,unseen_articles,legal,koap,1.00000,1.00000,1.00000,1.00000
golden,chunk_tkfmt,test-koap-5.3,unseen_articles,search,koap,1.00000,1.00000,1.00000,1.00000
golden,chunk_tkfmt,test-koap-5.53,unseen_articles,legal,koap,0.91972,1.00000,1.00000,1.00000
golden,chunk_tkfmt,test-koap-5.63,seen,everyday,koap,0.63093,1.00000,1.00000,0.50000
golden,chunk_tkfmt,test-koap-5.8,seen,search,koap,0.41444,0.50000,1.00000,0.20000
golden,chunk_tkfmt,test-koap-6.32,seen,everyday,koap,1.00000,1.00000,1.00000,1.00000
golden,chunk_tkfmt,test-koap-6.9,seen,legal,koap,1.00000,1.00000,1.00000,1.00000
golden,chunk_tkfmt,test-koap-7.27.1,unseen_articles,search,koap,0.63093,1.00000,1.00000,0.50000
golden,chunk_tkfmt,test-koap-7.35,seen,search,koap,1.00000,1.00000,1.00000,1.00000
golden,chunk_tkfmt,test-koap-7.7,unseen_articles,legal,koap,0.61315,0.50000,0.50000,1.00000
golden,chunk_tkfmt,test-koap-8.28.1,unseen_articles,everyday,koap,1.00000,1.00000,1.00000,1.00000
golden,chunk_tkfmt,test-koap-8.47,seen,search,koap,1.00000,1.00000,1.00000,1.00000
golden,chunk_tkfmt,test-sk-1,unseen_codes,legal,sk,1.00000,1.00000,1.00000,1.00000
golden,chunk_tkfmt,test-sk-10,unseen_codes,search,sk,1.00000,1.00000,1.00000,1.00000
golden,chunk_tkfmt,test-sk-100,unseen_codes,legal,sk,1.00000,1.00000,1.00000,1.00000
golden,chunk_tkfmt,test-sk-103,unseen_codes,search,sk,0.83155,0.50000,1.00000,1.00000
golden,chunk_tkfmt,test-sk-112,unseen_codes,everyday,sk,1.00000,1.00000,1.00000,1.00000
golden,chunk_tkfmt,test-sk-12,unseen_codes,everyday,sk,1.00000,1.00000,1.00000,1.00000
golden,chunk_tkfmt,test-sk-121,unseen_codes,search,sk,1.00000,1.00000,1.00000,1.00000
golden,chunk_tkfmt,test-sk-124,unseen_codes,everyday,sk,1.00000,1.00000,1.00000,1.00000
golden,chunk_tkfmt,test-sk-125,unseen_codes,legal,sk,1.00000,1.00000,1.00000,1.00000
golden,chunk_tkfmt,test-sk-128,unseen_codes,everyday,sk,1.00000,1.00000,1.00000,1.00000
golden,chunk_tkfmt,test-sk-129,unseen_codes,everyday,sk,1.00000,1.00000,1.00000,1.00000
golden,chunk_tkfmt,test-sk-130,unseen_codes,search,sk,1.00000,1.00000,1.00000,1.00000
golden,chunk_tkfmt,test-sk-131,unseen_codes,legal,sk,1.00000,1.00000,1.00000,1.00000
golden,chunk_tkfmt,test-sk-136,unseen_codes,everyday,sk,1.00000,1.00000,1.00000,1.00000
golden,chunk_tkfmt,test-sk-137,unseen_codes,legal,sk,1.00000,1.00000,1.00000,1.00000
golden,chunk_tkfmt,test-sk-139,unseen_codes,legal,sk,1.00000,1.00000,1.00000,1.00000
golden,chunk_tkfmt,test-sk-155.1,unseen_codes,search,sk,1.00000,1.00000,1.00000,1.00000
golden,chunk_tkfmt,test-sk-159,unseen_codes,legal,sk,1.00000,1.00000,1.00000,1.00000
golden,chunk_tkfmt,test-sk-163,unseen_codes,everyday,sk,0.50000,1.00000,1.00000,0.33333
golden,chunk_tkfmt,test-sk-165,unseen_codes,search,sk,0.81753,0.50000,1.00000,1.00000
golden,chunk_tkfmt,test-sk-167,unseen_codes,search,sk,1.00000,1.00000,1.00000,1.00000
golden,chunk_tkfmt,test-sk-168,unseen_codes,legal,sk,1.00000,1.00000,1.00000,1.00000
golden,chunk_tkfmt,test-sk-18,unseen_codes,everyday,sk,0.48248,0.50000,1.00000,0.25000
golden,chunk_tkfmt,test-sk-25,unseen_codes,legal,sk,0.63093,1.00000,1.00000,0.50000
golden,chunk_tkfmt,test-sk-28,unseen_codes,search,sk,1.00000,1.00000,1.00000,1.00000
golden,chunk_tkfmt,test-sk-31,unseen_codes,search,sk,1.00000,1.00000,1.00000,1.00000
golden,chunk_tkfmt,test-sk-33,unseen_codes,legal,sk,0.69343,1.00000,1.00000,0.50000
golden,chunk_tkfmt,test-sk-37,unseen_codes,legal,sk,0.69343,1.00000,1.00000,0.50000
golden,chunk_tkfmt,test-sk-42,unseen_codes,everyday,sk,1.00000,1.00000,1.00000,1.00000
golden,chunk_tkfmt,test-sk-49,unseen_codes,search,sk,1.00000,1.00000,1.00000,1.00000
golden,chunk_tkfmt,test-sk-51,unseen_codes,everyday,sk,1.00000,1.00000,1.00000,1.00000
golden,chunk_tkfmt,test-sk-55,unseen_codes,legal,sk,0.50000,1.00000,1.00000,0.33333
golden,chunk_tkfmt,test-sk-56,unseen_codes,everyday,sk,1.00000,1.00000,1.00000,1.00000
golden,chunk_tkfmt,test-sk-62,unseen_codes,legal,sk,1.00000,1.00000,1.00000,1.00000
golden,chunk_tkfmt,test-sk-66,unseen_codes,legal,sk,0.63093,1.00000,1.00000,0.50000
golden,chunk_tkfmt,test-sk-68,unseen_codes,everyday,sk,1.00000,1.00000,1.00000,1.00000
golden,chunk_tkfmt,test-sk-71,unseen_codes,search,sk,1.00000,1.00000,1.00000,1.00000
golden,chunk_tkfmt,test-sk-72,unseen_codes,everyday,sk,1.00000,1.00000,1.00000,1.00000
golden,chunk_tkfmt,test-sk-77,unseen_codes,everyday,sk,1.00000,1.00000,1.00000,1.00000
golden,chunk_tkfmt,test-sk-81,unseen_codes,search,sk,1.00000,1.00000,1.00000,1.00000
golden,chunk_tkfmt,test-sk-85,unseen_codes,legal,sk,1.00000,1.00000,1.00000,1.00000
golden,chunk_tkfmt,test-sk-90,unseen_codes,everyday,sk,1.00000,1.00000,1.00000,1.00000
golden,chunk_tkfmt,test-sk-93,unseen_codes,legal,sk,1.00000,1.00000,1.00000,1.00000
golden,chunk_tkfmt,test-sk-94,unseen_codes,search,sk,1.00000,1.00000,1.00000,1.00000
golden,chunk_tkfmt,test-sk-95,unseen_codes,legal,sk,1.00000,1.00000,1.00000,1.00000
golden,chunk_tkfmt,test-sk-99,unseen_codes,search,sk,1.00000,1.00000,1.00000,1.00000
golden,chunk_tkfmt,test-tk-131,seen,legal,tk,1.00000,1.00000,1.00000,1.00000
golden,chunk_tkfmt,test-tk-138,seen,everyday,tk,1.00000,1.00000,1.00000,1.00000
golden,chunk_tkfmt,test-tk-171,unseen_articles,search,tk,0.90603,1.00000,1.00000,1.00000
golden,chunk_tkfmt,test-tk-186.1,unseen_articles,everyday,tk,1.00000,1.00000,1.00000,1.00000
golden,chunk_tkfmt,test-tk-19,unseen_articles,legal,tk,0.91972,1.00000,1.00000,1.00000
golden,chunk_tkfmt,test-tk-197,unseen_articles,legal,tk,1.00000,1.00000,1.00000,1.00000
golden,chunk_tkfmt,test-tk-222,seen,everyday,tk,1.00000,1.00000,1.00000,1.00000
golden,chunk_tkfmt,test-tk-229,seen,legal,tk,1.00000,1.00000,1.00000,1.00000
golden,chunk_tkfmt,test-tk-262,unseen_articles,search,tk,1.00000,1.00000,1.00000,1.00000
golden,chunk_tkfmt,test-tk-324,seen,search,tk,1.00000,1.00000,1.00000,1.00000
golden,chunk_tkfmt,test-tk-348.2,unseen_articles,search,tk,1.00000,1.00000,1.00000,1.00000
golden,chunk_tkfmt,test-tk-351.7,seen,legal,tk,1.00000,1.00000,1.00000,1.00000
golden,chunk_tkfmt,test-tk-386,seen,search,tk,1.00000,1.00000,1.00000,1.00000
golden,chunk_tkfmt,test-tk-403,seen,legal,tk,1.00000,1.00000,1.00000,1.00000
golden,chunk_tkfmt,test-tk-41,unseen_articles,everyday,tk,0.63093,1.00000,1.00000,0.50000
golden,chunk_tkfmt,test-tk-415,seen,everyday,tk,0.21841,0.00000,0.50000,0.16667
golden,chunk_tkfmt,test-tk-80,unseen_articles,search,tk,0.61315,0.50000,0.50000,1.00000
golden,chunk_tkfmt,test-zhk-109,unseen_articles,everyday,zhk,0.63093,1.00000,1.00000,0.50000
golden,chunk_tkfmt,test-zhk-143,unseen_articles,legal,zhk,1.00000,1.00000,1.00000,1.00000
golden,chunk_tkfmt,test-zhk-167,unseen_articles,search,zhk,1.00000,1.00000,1.00000,1.00000
golden,chunk_tkfmt,test-zhk-193,seen,legal,zhk,1.00000,1.00000,1.00000,1.00000
golden,chunk_tkfmt,test-zhk-46,seen,everyday,zhk,1.00000,1.00000,1.00000,1.00000
golden,chunk_tkfmt,test-zhk-49,unseen_articles,search,zhk,1.00000,1.00000,1.00000,1.00000
golden,chunk_tkfmt,test-zhk-60,unseen_articles,search,zhk,0.33333,0.00000,1.00000,0.14286
golden,chunk_tkfmt,test-zhk-68,unseen_articles,search,zhk,1.00000,1.00000,1.00000,1.00000
golden,chunk_tkfmt,test-zhk-91.19,seen,everyday,zhk,1.00000,1.00000,1.00000,1.00000
golden,chunk_tkfmt,test-zozpp-10,unseen_codes,everyday,zozpp,0.91972,1.00000,1.00000,1.00000
golden,chunk_tkfmt,test-zozpp-13,unseen_codes,search,zozpp,0.63093,1.00000,1.00000,0.50000
golden,chunk_tkfmt,test-zozpp-17,unseen_codes,search,zozpp,1.00000,1.00000,1.00000,1.00000
golden,chunk_tkfmt,test-zozpp-21,unseen_codes,search,zozpp,1.00000,1.00000,1.00000,1.00000
golden,chunk_tkfmt,test-zozpp-3,unseen_codes,search,zozpp,1.00000,1.00000,1.00000,1.00000
golden,chunk_tkfmt,test-zozpp-30,unseen_codes,everyday,zozpp,1.00000,1.00000,1.00000,1.00000
golden,chunk_tkfmt,test-zozpp-34,unseen_codes,everyday,zozpp,0.57064,1.00000,1.00000,0.33333
golden,chunk_tkfmt,test-zozpp-35,unseen_codes,search,zozpp,1.00000,1.00000,1.00000,1.00000
golden,chunk_tkfmt,test-zozpp-42.2,unseen_codes,legal,zozpp,1.00000,1.00000,1.00000,1.00000
golden,chunk_tkfmt,test-zozpp-46,unseen_codes,legal,zozpp,1.00000,1.00000,1.00000,1.00000
golden,chunk_tkfmt,test-zozpp-7,unseen_codes,legal,zozpp,1.00000,1.00000,1.00000,1.00000
golden,chunk_tkfmt,test-zozpp-9,unseen_codes,search,zozpp,1.00000,1.00000,1.00000,1.00000
external,chunk_tkfmt,ext-1,tk_rf_rag,external,tk,0.63093,1.00000,1.00000,0.50000
external,chunk_tkfmt,ext-2,tk_rf_rag,external,tk,1.00000,1.00000,1.00000,1.00000
external,chunk_tkfmt,ext-3,tk_rf_rag,external,tk,1.00000,1.00000,1.00000,1.00000
external,chunk_tkfmt,ext-4,tk_rf_rag,external,tk,1.00000,1.00000,1.00000,1.00000
external,chunk_tkfmt,ext-5,tk_rf_rag,external,tk,1.00000,1.00000,1.00000,1.00000
external,chunk_tkfmt,ext-6,tk_rf_rag,external,tk,1.00000,1.00000,1.00000,1.00000
external,chunk_tkfmt,ext-7,tk_rf_rag,external,tk,1.00000,1.00000,1.00000,1.00000
external,chunk_tkfmt,ext-8,tk_rf_rag,external,tk,0.50000,1.00000,1.00000,0.33333
external,chunk_tkfmt,ext-9,tk_rf_rag,external,tk,1.00000,1.00000,1.00000,1.00000
external,chunk_tkfmt,ext-10,tk_rf_rag,external,tk,1.00000,1.00000,1.00000,1.00000
external,chunk_tkfmt,ext-11,tk_rf_rag,external,tk,1.00000,1.00000,1.00000,1.00000
external,chunk_tkfmt,ext-12,tk_rf_rag,external,tk,0.63093,1.00000,1.00000,0.50000
external,chunk_tkfmt,ext-13,tk_rf_rag,external,tk,0.63093,1.00000,1.00000,0.50000
external,chunk_tkfmt,ext-14,tk_rf_rag,external,tk,0.63093,1.00000,1.00000,0.50000
external,chunk_tkfmt,ext-15,tk_rf_rag,external,tk,1.00000,1.00000,1.00000,1.00000
external,chunk_tkfmt,ext-16,tk_rf_rag,external,tk,1.00000,1.00000,1.00000,1.00000
external,chunk_tkfmt,ext-17,tk_rf_rag,external,tk,1.00000,1.00000,1.00000,1.00000
external,chunk_tkfmt,ext-18,tk_rf_rag,external,tk,1.00000,1.00000,1.00000,1.00000
external,chunk_tkfmt,ext-19,tk_rf_rag,external,tk,1.00000,1.00000,1.00000,1.00000
external,chunk_tkfmt,ext-20,tk_rf_rag,external,tk,0.43068,1.00000,1.00000,0.25000
external,chunk_tkfmt,ext-21,tk_rf_rag,external,tk,1.00000,1.00000,1.00000,1.00000
external,chunk_tkfmt,ext-22,tk_rf_rag,external,tk,1.00000,1.00000,1.00000,1.00000
external,chunk_tkfmt,ext-23,tk_rf_rag,external,tk,1.00000,1.00000,1.00000,1.00000
external,chunk_tkfmt,ext-24,tk_rf_rag,external,tk,1.00000,1.00000,1.00000,1.00000
external,chunk_tkfmt,ext-25,tk_rf_rag,external,tk,1.00000,1.00000,1.00000,1.00000
tk_hard,chunk_tkfmt,tkhard-tk-2-search,seen,search,tk,1.00000,1.00000,1.00000,1.00000
tk_hard,chunk_tkfmt,tkhard-tk-2-everyday,seen,everyday,tk,0.00000,0.00000,0.00000,0.00000
tk_hard,chunk_tkfmt,tkhard-tk-1-everyday,seen,everyday,tk,0.00000,0.00000,0.00000,0.00000
tk_hard,chunk_tkfmt,tkhard-tk-3-everyday,seen,everyday,tk,0.00000,0.00000,0.00000,0.00000
tk_hard,chunk_tkfmt,tkhard-tk-4-search,seen,search,tk,1.00000,1.00000,1.00000,1.00000
tk_hard,chunk_tkfmt,tkhard-tk-4-everyday,seen,everyday,tk,0.43068,1.00000,1.00000,0.25000
tk_hard,chunk_tkfmt,tkhard-tk-6-search,seen,search,tk,1.00000,1.00000,1.00000,1.00000
tk_hard,chunk_tkfmt,tkhard-tk-8-search,seen,search,tk,1.00000,1.00000,1.00000,1.00000
tk_hard,chunk_tkfmt,tkhard-tk-8-everyday,seen,everyday,tk,0.00000,0.00000,0.00000,0.00000
tk_hard,chunk_tkfmt,tkhard-tk-6-everyday,seen,everyday,tk,1.00000,1.00000,1.00000,1.00000
tk_hard,chunk_tkfmt,tkhard-tk-9-search,seen,search,tk,0.43068,1.00000,1.00000,0.25000
tk_hard,chunk_tkfmt,tkhard-tk-9-everyday,seen,everyday,tk,0.63093,1.00000,1.00000,0.50000
tk_hard,chunk_tkfmt,tkhard-tk-11-search,seen,search,tk,0.30103,0.00000,1.00000,0.11111
tk_hard,chunk_tkfmt,tkhard-tk-10-everyday,seen,everyday,tk,1.00000,1.00000,1.00000,1.00000
tk_hard,chunk_tkfmt,tkhard-tk-12-search,seen,search,tk,0.43068,1.00000,1.00000,0.25000
tk_hard,chunk_tkfmt,tkhard-tk-11-everyday,seen,everyday,tk,0.00000,0.00000,0.00000,0.00000
tk_hard,chunk_tkfmt,tkhard-tk-12-everyday,seen,everyday,tk,0.00000,0.00000,0.00000,0.00000
tk_hard,chunk_tkfmt,tkhard-tk-13-search,seen,search,tk,1.00000,1.00000,1.00000,1.00000
tk_hard,chunk_tkfmt,tkhard-tk-13-everyday,seen,everyday,tk,0.00000,0.00000,0.00000,0.00000
tk_hard,chunk_tkfmt,tkhard-tk-14-search,seen,search,tk,1.00000,1.00000,1.00000,1.00000
tk_hard,chunk_tkfmt,tkhard-tk-14-everyday,seen,everyday,tk,0.00000,0.00000,0.00000,0.00000
tk_hard,chunk_tkfmt,tkhard-tk-16-search,unseen_articles,search,tk,1.00000,1.00000,1.00000,1.00000
tk_hard,chunk_tkfmt,tkhard-tk-16-everyday,unseen_articles,everyday,tk,0.00000,0.00000,0.00000,0.00000
tk_hard,chunk_tkfmt,tkhard-tk-17-everyday,seen,everyday,tk,0.00000,0.00000,0.00000,0.00000
tk_hard,chunk_tkfmt,tkhard-tk-18-search,seen,search,tk,1.00000,1.00000,1.00000,1.00000
tk_hard,chunk_tkfmt,tkhard-tk-18-everyday,seen,everyday,tk,0.38685,1.00000,1.00000,0.20000
tk_hard,chunk_tkfmt,tkhard-tk-19-search,unseen_articles,search,tk,1.00000,1.00000,1.00000,1.00000
tk_hard,chunk_tkfmt,tkhard-tk-19.1-search,seen,search,tk,1.00000,1.00000,1.00000,1.00000
tk_hard,chunk_tkfmt,tkhard-tk-19-everyday,unseen_articles,everyday,tk,0.43068,1.00000,1.00000,0.25000
tk_hard,chunk_tkfmt,tkhard-tk-19.1-everyday,seen,everyday,tk,1.00000,1.00000,1.00000,1.00000
tk_hard,chunk_tkfmt,tkhard-tk-20-search,unseen_articles,search,tk,1.00000,1.00000,1.00000,1.00000
tk_hard,chunk_tkfmt,tkhard-tk-20-everyday,unseen_articles,everyday,tk,0.63093,1.00000,1.00000,0.50000
tk_hard,chunk_tkfmt,tkhard-tk-21-search,unseen_articles,search,tk,0.38685,1.00000,1.00000,0.20000
tk_hard,chunk_tkfmt,tkhard-tk-21-everyday,unseen_articles,everyday,tk,0.38685,1.00000,1.00000,0.20000
tk_hard,chunk_tkfmt,tkhard-tk-22-search,seen,search,tk,1.00000,1.00000,1.00000,1.00000
tk_hard,chunk_tkfmt,tkhard-tk-22-everyday,seen,everyday,tk,0.63093,1.00000,1.00000,0.50000
tk_hard,chunk_tkfmt,tkhard-tk-22.2-search,seen,search,tk,1.00000,1.00000,1.00000,1.00000
tk_hard,chunk_tkfmt,tkhard-tk-22.2-everyday,seen,everyday,tk,1.00000,1.00000,1.00000,1.00000
tk_hard,chunk_tkfmt,tkhard-tk-22.3-search,seen,search,tk,1.00000,1.00000,1.00000,1.00000
tk_hard,chunk_tkfmt,tkhard-tk-22.3-everyday,seen,everyday,tk,0.50000,1.00000,1.00000,0.33333
tk_hard,chunk_tkfmt,tkhard-tk-23-everyday,seen,everyday,tk,0.00000,0.00000,0.00000,0.00000
tk_hard,chunk_tkfmt,tkhard-tk-24-everyday,seen,everyday,tk,0.00000,0.00000,0.00000,0.00000
tk_hard,chunk_tkfmt,tkhard-tk-25-everyday,seen,everyday,tk,0.00000,0.00000,0.00000,0.00000
tk_hard,chunk_tkfmt,tkhard-tk-26-everyday,seen,everyday,tk,0.00000,0.00000,0.00000,0.00000
tk_hard,chunk_tkfmt,tkhard-tk-27-everyday,seen,everyday,tk,0.00000,0.00000,0.00000,0.00000
tk_hard,chunk_tkfmt,tkhard-tk-28-search,seen,search,tk,1.00000,1.00000,1.00000,1.00000
tk_hard,chunk_tkfmt,tkhard-tk-28-everyday,seen,everyday,tk,0.00000,0.00000,0.00000,0.00000
tk_hard,chunk_tkfmt,tkhard-tk-29-search,unseen_articles,search,tk,1.00000,1.00000,1.00000,1.00000
tk_hard,chunk_tkfmt,tkhard-tk-29-everyday,unseen_articles,everyday,tk,1.00000,1.00000,1.00000,1.00000
tk_hard,chunk_tkfmt,tkhard-tk-30-search,seen,search,tk,0.63093,1.00000,1.00000,0.50000
tk_hard,chunk_tkfmt,tkhard-tk-30-everyday,seen,everyday,tk,1.00000,1.00000,1.00000,1.00000
tk_hard,chunk_tkfmt,tkhard-tk-31-search,seen,search,tk,1.00000,1.00000,1.00000,1.00000
tk_hard,chunk_tkfmt,tkhard-tk-31-everyday,seen,everyday,tk,1.00000,1.00000,1.00000,1.00000
tk_hard,chunk_tkfmt,tkhard-tk-32-search,seen,search,tk,1.00000,1.00000,1.00000,1.00000
tk_hard,chunk_tkfmt,tkhard-tk-32-everyday,seen,everyday,tk,0.63093,1.00000,1.00000,0.50000
tk_hard,chunk_tkfmt,tkhard-tk-33-everyday,unseen_articles,everyday,tk,0.50000,1.00000,1.00000,0.33333
tk_hard,chunk_tkfmt,tkhard-tk-34-search,seen,search,tk,1.00000,1.00000,1.00000,1.00000
tk_hard,chunk_tkfmt,tkhard-tk-34-everyday,seen,everyday,tk,0.38685,1.00000,1.00000,0.20000
tk_hard,chunk_tkfmt,tkhard-tk-35-search,seen,search,tk,1.00000,1.00000,1.00000,1.00000
tk_hard,chunk_tkfmt,tkhard-tk-35-everyday,seen,everyday,tk,0.28906,0.00000,1.00000,0.10000
tk_hard,chunk_tkfmt,tkhard-tk-35.1-search,seen,search,tk,0.50000,1.00000,1.00000,0.33333
tk_hard,chunk_tkfmt,tkhard-tk-36-search,seen,search,tk,1.00000,1.00000,1.00000,1.00000
tk_hard,chunk_tkfmt,tkhard-tk-36-everyday,seen,everyday,tk,0.43068,1.00000,1.00000,0.25000
tk_hard,chunk_tkfmt,tkhard-tk-35.1-everyday,seen,everyday,tk,0.00000,0.00000,0.00000,0.00000
tk_hard,chunk_tkfmt,tkhard-tk-37-search,seen,search,tk,1.00000,1.00000,1.00000,1.00000
tk_hard,chunk_tkfmt,tkhard-tk-37-everyday,seen,everyday,tk,1.00000,1.00000,1.00000,1.00000
tk_hard,chunk_tkfmt,tkhard-tk-39-search,seen,search,tk,1.00000,1.00000,1.00000,1.00000
tk_hard,chunk_tkfmt,tkhard-tk-39-everyday,seen,everyday,tk,0.38685,1.00000,1.00000,0.20000
tk_hard,chunk_tkfmt,tkhard-tk-40-everyday,seen,everyday,tk,1.00000,1.00000,1.00000,1.00000
tk_hard,chunk_tkfmt,tkhard-tk-41-search,unseen_articles,search,tk,1.00000,1.00000,1.00000,1.00000
tk_hard,chunk_tkfmt,tkhard-tk-41-everyday,unseen_articles,everyday,tk,0.00000,0.00000,0.00000,0.00000
tk_hard,chunk_tkfmt,tkhard-tk-48-search,seen,search,tk,1.00000,1.00000,1.00000,1.00000
tk_hard,chunk_tkfmt,tkhard-tk-49-search,seen,search,tk,0.63093,1.00000,1.00000,0.50000
tk_hard,chunk_tkfmt,tkhard-tk-49-everyday,seen,everyday,tk,0.35621,0.00000,1.00000,0.16667
tk_hard,chunk_tkfmt,tkhard-tk-48-everyday,seen,everyday,tk,1.00000,1.00000,1.00000,1.00000
tk_hard,chunk_tkfmt,tkhard-tk-51-everyday,seen,everyday,tk,0.63093,1.00000,1.00000,0.50000
tk_hard,chunk_tkfmt,tkhard-tk-52-everyday,seen,everyday,tk,0.00000,0.00000,0.00000,0.00000
tk_hard,chunk_tkfmt,tkhard-tk-50-everyday,seen,everyday,tk,1.00000,1.00000,1.00000,1.00000
tk_hard,chunk_tkfmt,tkhard-tk-53.1-search,seen,search,tk,1.00000,1.00000,1.00000,1.00000
tk_hard,chunk_tkfmt,tkhard-tk-53-everyday,seen,everyday,tk,0.00000,0.00000,0.00000,0.00000
tk_hard,chunk_tkfmt,tkhard-tk-53.1-everyday,seen,everyday,tk,1.00000,1.00000,1.00000,1.00000
tk_hard,chunk_tkfmt,tkhard-tk-54-search,seen,search,tk,0.50000,1.00000,1.00000,0.33333
tk_hard,chunk_tkfmt,tkhard-tk-55-everyday,seen,everyday,tk,1.00000,1.00000,1.00000,1.00000
tk_hard,chunk_tkfmt,tkhard-tk-54-everyday,seen,everyday,tk,0.63093,1.00000,1.00000,0.50000
tk_hard,chunk_tkfmt,tkhard-tk-56.1-search,seen,search,tk,0.38685,1.00000,1.00000,0.20000
tk_hard,chunk_tkfmt,tkhard-tk-56.1-everyday,seen,everyday,tk,0.50000,1.00000,1.00000,0.33333
tk_hard,chunk_tkfmt,tkhard-tk-56-everyday,seen,everyday,tk,0.00000,0.00000,0.00000,0.00000
tk_hard,chunk_tkfmt,tkhard-tk-57-search,seen,search,tk,1.00000,1.00000,1.00000,1.00000
tk_hard,chunk_tkfmt,tkhard-tk-57-everyday,seen,everyday,tk,1.00000,1.00000,1.00000,1.00000
tk_hard,chunk_tkfmt,tkhard-tk-58-everyday,seen,everyday,tk,0.63093,1.00000,1.00000,0.50000
tk_hard,chunk_tkfmt,tkhard-tk-59-everyday,seen,everyday,tk,0.63093,1.00000,1.00000,0.50000
tk_hard,chunk_tkfmt,tkhard-tk-60-search,seen,search,tk,1.00000,1.00000,1.00000,1.00000
tk_hard,chunk_tkfmt,tkhard-tk-60-everyday,seen,everyday,tk,0.00000,0.00000,0.00000,0.00000
tk_hard,chunk_tkfmt,tkhard-tk-60.1-search,seen,search,tk,1.00000,1.00000,1.00000,1.00000
tk_hard,chunk_tkfmt,tkhard-tk-60.1-everyday,seen,everyday,tk,1.00000,1.00000,1.00000,1.00000
tk_hard,chunk_tkfmt,tkhard-tk-62-search,seen,search,tk,1.00000,1.00000,1.00000,1.00000
tk_hard,chunk_tkfmt,tkhard-tk-61-everyday,seen,everyday,tk,1.00000,1.00000,1.00000,1.00000
tk_hard,chunk_tkfmt,tkhard-tk-62-everyday,seen,everyday,tk,0.38685,1.00000,1.00000,0.20000
tk_hard,chunk_tkfmt,tkhard-tk-63-search,seen,search,tk,1.00000,1.00000,1.00000,1.00000
tk_hard,chunk_tkfmt,tkhard-tk-63-everyday,seen,everyday,tk,1.00000,1.00000,1.00000,1.00000
tk_hard,chunk_tkfmt,tkhard-tk-64-search,seen,search,tk,0.43068,1.00000,1.00000,0.25000
tk_hard,chunk_tkfmt,tkhard-tk-64-everyday,seen,everyday,tk,0.63093,1.00000,1.00000,0.50000
tk_hard,chunk_tkfmt,tkhard-tk-64.1-search,seen,search,tk,1.00000,1.00000,1.00000,1.00000
tk_hard,chunk_tkfmt,tkhard-tk-65-everyday,seen,everyday,tk,1.00000,1.00000,1.00000,1.00000
tk_hard,chunk_tkfmt,tkhard-tk-64.1-everyday,seen,everyday,tk,1.00000,1.00000,1.00000,1.00000
tk_hard,chunk_tkfmt,tkhard-tk-65-search,seen,search,tk,0.63093,1.00000,1.00000,0.50000
tk_hard,chunk_tkfmt,tkhard-tk-66-everyday,seen,everyday,tk,1.00000,1.00000,1.00000,1.00000
tk_hard,chunk_tkfmt,tkhard-tk-66.1-everyday,seen,everyday,tk,1.00000,1.00000,1.00000,1.00000
tk_hard,chunk_tkfmt,tkhard-tk-67-everyday,seen,everyday,tk,1.00000,1.00000,1.00000,1.00000
tk_hard,chunk_tkfmt,tkhard-tk-67.1-search,seen,search,tk,1.00000,1.00000,1.00000,1.00000
tk_hard,chunk_tkfmt,tkhard-tk-67.1-everyday,seen,everyday,tk,1.00000,1.00000,1.00000,1.00000
tk_hard,chunk_tkfmt,tkhard-tk-68-search,seen,search,tk,1.00000,1.00000,1.00000,1.00000
tk_hard,chunk_tkfmt,tkhard-tk-68-everyday,seen,everyday,tk,0.50000,1.00000,1.00000,0.33333
tk_hard,chunk_tkfmt,tkhard-tk-69-everyday,seen,everyday,tk,0.50000,1.00000,1.00000,0.33333
tk_hard,chunk_tkfmt,tkhard-tk-70-search,seen,search,tk,0.50000,1.00000,1.00000,0.33333
tk_hard,chunk_tkfmt,tkhard-tk-71-search,seen,search,tk,1.00000,1.00000,1.00000,1.00000
tk_hard,chunk_tkfmt,tkhard-tk-70-everyday,seen,everyday,tk,1.00000,1.00000,1.00000,1.00000
tk_hard,chunk_tkfmt,tkhard-tk-71-everyday,seen,everyday,tk,0.63093,1.00000,1.00000,0.50000
tk_hard,chunk_tkfmt,tkhard-tk-72-search,seen,search,tk,1.00000,1.00000,1.00000,1.00000
tk_hard,chunk_tkfmt,tkhard-tk-72-everyday,seen,everyday,tk,0.33333,0.00000,1.00000,0.14286
tk_hard,chunk_tkfmt,tkhard-tk-72.1-everyday,seen,everyday,tk,1.00000,1.00000,1.00000,1.00000
tk_hard,chunk_tkfmt,tkhard-tk-72.2-everyday,seen,everyday,tk,0.63093,1.00000,1.00000,0.50000
tk_hard,chunk_tkfmt,tkhard-tk-73-everyday,seen,everyday,tk,1.00000,1.00000,1.00000,1.00000
tk_hard,chunk_tkfmt,tkhard-tk-74-search,seen,search,tk,0.50000,1.00000,1.00000,0.33333
tk_hard,chunk_tkfmt,tkhard-tk-75-search,seen,search,tk,1.00000,1.00000,1.00000,1.00000
tk_hard,chunk_tkfmt,tkhard-tk-75-everyday,seen,everyday,tk,1.00000,1.00000,1.00000,1.00000
tk_hard,chunk_tkfmt,tkhard-tk-74-everyday,seen,everyday,tk,1.00000,1.00000,1.00000,1.00000
tk_hard,chunk_tkfmt,tkhard-tk-76-search,seen,search,tk,1.00000,1.00000,1.00000,1.00000
tk_hard,chunk_tkfmt,tkhard-tk-76-everyday,seen,everyday,tk,1.00000,1.00000,1.00000,1.00000
tk_hard,chunk_tkfmt,tkhard-tk-77-everyday,seen,everyday,tk,0.00000,0.00000,0.00000,0.00000
tk_hard,chunk_tkfmt,tkhard-tk-79-search,seen,search,tk,0.43068,1.00000,1.00000,0.25000
tk_hard,chunk_tkfmt,tkhard-tk-80-search,unseen_articles,search,tk,1.00000,1.00000,1.00000,1.00000
tk_hard,chunk_tkfmt,tkhard-tk-79-everyday,seen,everyday,tk,1.00000,1.00000,1.00000,1.00000
tk_hard,chunk_tkfmt,tkhard-tk-80-everyday,unseen_articles,everyday,tk,0.63093,1.00000,1.00000,0.50000
tk_hard,chunk_tkfmt,tkhard-tk-81-search,seen,search,tk,1.00000,1.00000,1.00000,1.00000
tk_hard,chunk_tkfmt,tkhard-tk-82-search,seen,search,tk,1.00000,1.00000,1.00000,1.00000
tk_hard,chunk_tkfmt,tkhard-tk-82-everyday,seen,everyday,tk,1.00000,1.00000,1.00000,1.00000
tk_hard,chunk_tkfmt,tkhard-tk-81-everyday,seen,everyday,tk,1.00000,1.00000,1.00000,1.00000
tk_hard,chunk_tkfmt,tkhard-tk-83-search,seen,search,tk,1.00000,1.00000,1.00000,1.00000
tk_hard,chunk_tkfmt,tkhard-tk-83-everyday,seen,everyday,tk,0.63093,1.00000,1.00000,0.50000
tk_hard,chunk_tkfmt,tkhard-tk-86-search,unseen_articles,search,tk,1.00000,1.00000,1.00000,1.00000
tk_hard,chunk_tkfmt,tkhard-tk-86-everyday,unseen_articles,everyday,tk,0.63093,1.00000,1.00000,0.50000
tk_hard,chunk_tkfmt,tkhard-tk-89-search,seen,search,tk,1.00000,1.00000,1.00000,1.00000
tk_hard,chunk_tkfmt,tkhard-tk-89-everyday,seen,everyday,tk,0.33333,0.00000,1.00000,0.14286
tk_hard,chunk_tkfmt,tkhard-tk-91-search,seen,search,tk,0.50000,1.00000,1.00000,0.33333
tk_hard,chunk_tkfmt,tkhard-tk-91-everyday,seen,everyday,tk,0.63093,1.00000,1.00000,0.50000
tk_hard,chunk_tkfmt,tkhard-tk-90-everyday,seen,everyday,tk,1.00000,1.00000,1.00000,1.00000
tk_hard,chunk_tkfmt,tkhard-tk-92-everyday,seen,everyday,tk,0.28906,0.00000,1.00000,0.10000
tk_hard,chunk_tkfmt,tkhard-tk-93-everyday,seen,everyday,tk,1.00000,1.00000,1.00000,1.00000
tk_hard,chunk_tkfmt,tkhard-tk-93-search,seen,search,tk,1.00000,1.00000,1.00000,1.00000
tk_hard,chunk_tkfmt,tkhard-tk-94-everyday,seen,everyday,tk,1.00000,1.00000,1.00000,1.00000
tk_hard,chunk_tkfmt,tkhard-tk-95-search,seen,search,tk,1.00000,1.00000,1.00000,1.00000
tk_hard,chunk_tkfmt,tkhard-tk-95-everyday,seen,everyday,tk,1.00000,1.00000,1.00000,1.00000
tk_hard,chunk_tkfmt,tkhard-tk-96-search,seen,search,tk,1.00000,1.00000,1.00000,1.00000
tk_hard,chunk_tkfmt,tkhard-tk-96-everyday,seen,everyday,tk,1.00000,1.00000,1.00000,1.00000
tk_hard,chunk_tkfmt,tkhard-tk-97-everyday,seen,everyday,tk,0.30103,0.00000,1.00000,0.11111
tk_hard,chunk_tkfmt,tkhard-tk-99-search,seen,search,tk,1.00000,1.00000,1.00000,1.00000
tk_hard,chunk_tkfmt,tkhard-tk-99-everyday,seen,everyday,tk,1.00000,1.00000,1.00000,1.00000
tk_hard,chunk_tkfmt,tkhard-tk-100-everyday,seen,everyday,tk,0.63093,1.00000,1.00000,0.50000
tk_hard,chunk_tkfmt,tkhard-tk-101-everyday,seen,everyday,tk,0.63093,1.00000,1.00000,0.50000
tk_hard,chunk_tkfmt,tkhard-tk-102-search,seen,search,tk,1.00000,1.00000,1.00000,1.00000
tk_hard,chunk_tkfmt,tkhard-tk-102-everyday,seen,everyday,tk,1.00000,1.00000,1.00000,1.00000
tk_hard,chunk_tkfmt,tkhard-tk-103-search,seen,search,tk,1.00000,1.00000,1.00000,1.00000
tk_hard,chunk_tkfmt,tkhard-tk-103-everyday,seen,everyday,tk,1.00000,1.00000,1.00000,1.00000
tk_hard,chunk_tkfmt,tkhard-tk-107-search,unseen_articles,search,tk,1.00000,1.00000,1.00000,1.00000
tk_hard,chunk_tkfmt,tkhard-tk-107-everyday,unseen_articles,everyday,tk,1.00000,1.00000,1.00000,1.00000
tk_hard,chunk_tkfmt,tkhard-tk-104-everyday,seen,everyday,tk,1.00000,1.00000,1.00000,1.00000
tk_hard,chunk_tkfmt,tkhard-tk-109-everyday,seen,everyday,tk,1.00000,1.00000,1.00000,1.00000
tk_hard,chunk_tkfmt,tkhard-tk-111-everyday,seen,everyday,tk,1.00000,1.00000,1.00000,1.00000
tk_hard,chunk_tkfmt,tkhard-tk-112-search,seen,search,tk,1.00000,1.00000,1.00000,1.00000
tk_hard,chunk_tkfmt,tkhard-tk-112-everyday,seen,everyday,tk,0.43068,1.00000,1.00000,0.25000
tk_hard,chunk_tkfmt,tkhard-tk-113-search,seen,search,tk,0.50000,1.00000,1.00000,0.33333
tk_hard,chunk_tkfmt,tkhard-tk-113-everyday,seen,everyday,tk,1.00000,1.00000,1.00000,1.00000
tk_hard,chunk_tkfmt,tkhard-tk-116-everyday,seen,everyday,tk,0.43068,1.00000,1.00000,0.25000
tk_hard,chunk_tkfmt,tkhard-tk-116-search,seen,search,tk,1.00000,1.00000,1.00000,1.00000
tk_hard,chunk_tkfmt,tkhard-tk-117-everyday,seen,everyday,tk,1.00000,1.00000,1.00000,1.00000
tk_hard,chunk_tkfmt,tkhard-tk-118-search,seen,search,tk,1.00000,1.00000,1.00000,1.00000
tk_hard,chunk_tkfmt,tkhard-tk-118-everyday,seen,everyday,tk,0.31546,0.00000,1.00000,0.12500
tk_hard,chunk_tkfmt,tkhard-tk-119-everyday,seen,everyday,tk,1.00000,1.00000,1.00000,1.00000
tk_hard,chunk_tkfmt,tkhard-tk-120-search,seen,search,tk,1.00000,1.00000,1.00000,1.00000
tk_hard,chunk_tkfmt,tkhard-tk-120-everyday,seen,everyday,tk,1.00000,1.00000,1.00000,1.00000
tk_hard,chunk_tkfmt,tkhard-tk-121-everyday,seen,everyday,tk,1.00000,1.00000,1.00000,1.00000
tk_hard,chunk_tkfmt,tkhard-tk-122-everyday,seen,everyday,tk,0.43068,1.00000,1.00000,0.25000
tk_hard,chunk_tkfmt,tkhard-tk-123-search,seen,search,tk,1.00000,1.00000,1.00000,1.00000
tk_hard,chunk_tkfmt,tkhard-tk-124-search,seen,search,tk,0.63093,1.00000,1.00000,0.50000
tk_hard,chunk_tkfmt,tkhard-tk-124-everyday,seen,everyday,tk,0.63093,1.00000,1.00000,0.50000
tk_hard,chunk_tkfmt,tkhard-tk-123-everyday,seen,everyday,tk,1.00000,1.00000,1.00000,1.00000
tk_hard,chunk_tkfmt,tkhard-tk-125-search,seen,search,tk,1.00000,1.00000,1.00000,1.00000
tk_hard,chunk_tkfmt,tkhard-tk-126-search,seen,search,tk,1.00000,1.00000,1.00000,1.00000
tk_hard,chunk_tkfmt,tkhard-tk-125-everyday,seen,everyday,tk,0.50000,1.00000,1.00000,0.33333
tk_hard,chunk_tkfmt,tkhard-tk-126-everyday,seen,everyday,tk,0.30103,0.00000,1.00000,0.11111
tk_hard,chunk_tkfmt,tkhard-tk-128-everyday,seen,everyday,tk,0.63093,1.00000,1.00000,0.50000
tk_hard,chunk_tkfmt,tkhard-tk-127-everyday,seen,everyday,tk,1.00000,1.00000,1.00000,1.00000
tk_hard,chunk_tkfmt,tkhard-tk-129-search,seen,search,tk,0.00000,0.00000,0.00000,0.00000
tk_hard,chunk_tkfmt,tkhard-tk-129-everyday,seen,everyday,tk,1.00000,1.00000,1.00000,1.00000
tk_hard,chunk_tkfmt,tkhard-tk-131-search,seen,search,tk,1.00000,1.00000,1.00000,1.00000
tk_hard,chunk_tkfmt,tkhard-tk-132-search,seen,search,tk,1.00000,1.00000,1.00000,1.00000
tk_hard,chunk_tkfmt,tkhard-tk-131-everyday,seen,everyday,tk,1.00000,1.00000,1.00000,1.00000
tk_hard,chunk_tkfmt,tkhard-tk-132-everyday,seen,everyday,tk,0.35621,0.00000,1.00000,0.16667
tk_hard,chunk_tkfmt,tkhard-tk-133-search,seen,search,tk,1.00000,1.00000,1.00000,1.00000
tk_hard,chunk_tkfmt,tkhard-tk-133.1-everyday,seen,everyday,tk,1.00000,1.00000,1.00000,1.00000
tk_hard,chunk_tkfmt,tkhard-tk-133-everyday,seen,everyday,tk,0.63093,1.00000,1.00000,0.50000
tk_hard,chunk_tkfmt,tkhard-tk-133.1-search,seen,search,tk,1.00000,1.00000,1.00000,1.00000
tk_hard,chunk_tkfmt,tkhard-tk-135-search,seen,search,tk,0.50000,1.00000,1.00000,0.33333
tk_hard,chunk_tkfmt,tkhard-tk-135-everyday,seen,everyday,tk,1.00000,1.00000,1.00000,1.00000
tk_hard,chunk_tkfmt,tkhard-tk-136-everyday,seen,everyday,tk,1.00000,1.00000,1.00000,1.00000
tk_hard,chunk_tkfmt,tkhard-tk-137-everyday,seen,everyday,tk,1.00000,1.00000,1.00000,1.00000
tk_hard,chunk_tkfmt,tkhard-tk-138-everyday,seen,everyday,tk,1.00000,1.00000,1.00000,1.00000
tk_hard,chunk_tkfmt,tkhard-tk-139-search,seen,search,tk,1.00000,1.00000,1.00000,1.00000
tk_hard,chunk_tkfmt,tkhard-tk-140-everyday,seen,everyday,tk,1.00000,1.00000,1.00000,1.00000
tk_hard,chunk_tkfmt,tkhard-tk-141-everyday,seen,everyday,tk,1.00000,1.00000,1.00000,1.00000
tk_hard,chunk_tkfmt,tkhard-tk-142-everyday,seen,everyday,tk,1.00000,1.00000,1.00000,1.00000
tk_hard,chunk_tkfmt,tkhard-tk-144-search,unseen_articles,search,tk,1.00000,1.00000,1.00000,1.00000
tk_hard,chunk_tkfmt,tkhard-tk-143-everyday,seen,everyday,tk,0.63093,1.00000,1.00000,0.50000
tk_hard,chunk_tkfmt,tkhard-tk-144-everyday,unseen_articles,everyday,tk,1.00000,1.00000,1.00000,1.00000
tk_hard,chunk_tkfmt,tkhard-tk-145-search,seen,search,tk,0.50000,1.00000,1.00000,0.33333
tk_hard,chunk_tkfmt,tkhard-tk-146-everyday,seen,everyday,tk,0.63093,1.00000,1.00000,0.50000
tk_hard,chunk_tkfmt,tkhard-tk-146-search,seen,search,tk,0.63093,1.00000,1.00000,0.50000
tk_hard,chunk_tkfmt,tkhard-tk-145-everyday,seen,everyday,tk,1.00000,1.00000,1.00000,1.00000
tk_hard,chunk_tkfmt,tkhard-tk-147-everyday,seen,everyday,tk,1.00000,1.00000,1.00000,1.00000
tk_hard,chunk_tkfmt,tkhard-tk-149-everyday,seen,everyday,tk,0.33333,0.00000,1.00000,0.14286
tk_hard,chunk_tkfmt,tkhard-tk-148-everyday,seen,everyday,tk,1.00000,1.00000,1.00000,1.00000
tk_hard,chunk_tkfmt,tkhard-tk-150-search,unseen_articles,search,tk,1.00000,1.00000,1.00000,1.00000
tk_hard,chunk_tkfmt,tkhard-tk-152-everyday,seen,everyday,tk,1.00000,1.00000,1.00000,1.00000
tk_hard,chunk_tkfmt,tkhard-tk-150-everyday,unseen_articles,everyday,tk,0.63093,1.00000,1.00000,0.50000
tk_hard,chunk_tkfmt,tkhard-tk-153-everyday,seen,everyday,tk,0.63093,1.00000,1.00000,0.50000
tk_hard,chunk_tkfmt,tkhard-tk-155-everyday,seen,everyday,tk,1.00000,1.00000,1.00000,1.00000
tk_hard,chunk_tkfmt,tkhard-tk-156-everyday,seen,everyday,tk,1.00000,1.00000,1.00000,1.00000
tk_hard,chunk_tkfmt,tkhard-tk-157-everyday,seen,everyday,tk,1.00000,1.00000,1.00000,1.00000
tk_hard,chunk_tkfmt,tkhard-tk-158-everyday,seen,everyday,tk,1.00000,1.00000,1.00000,1.00000
tk_hard,chunk_tkfmt,tkhard-tk-158.1-search,seen,search,tk,1.00000,1.00000,1.00000,1.00000
tk_hard,chunk_tkfmt,tkhard-tk-158.1-everyday,seen,everyday,tk,1.00000,1.00000,1.00000,1.00000
tk_hard,chunk_tkfmt,tkhard-tk-159-search,seen,search,tk,0.63093,1.00000,1.00000,0.50000
tk_hard,chunk_tkfmt,tkhard-tk-159-everyday,seen,everyday,tk,0.35621,0.00000,1.00000,0.16667
tk_hard,chunk_tkfmt,tkhard-tk-160-search,unseen_articles,search,tk,1.00000,1.00000,1.00000,1.00000
tk_hard,chunk_tkfmt,tkhard-tk-161-everyday,seen,everyday,tk,1.00000,1.00000,1.00000,1.00000
tk_hard,chunk_tkfmt,tkhard-tk-160-everyday,unseen_articles,everyday,tk,0.38685,1.00000,1.00000,0.20000
tk_hard,chunk_tkfmt,tkhard-tk-162-search,seen,search,tk,1.00000,1.00000,1.00000,1.00000
tk_hard,chunk_tkfmt,tkhard-tk-162-everyday,seen,everyday,tk,1.00000,1.00000,1.00000,1.00000
tk_hard,chunk_tkfmt,tkhard-tk-164-search,unseen_articles,search,tk,0.63093,1.00000,1.00000,0.50000
tk_hard,chunk_tkfmt,tkhard-tk-165-search,unseen_articles,search,tk,1.00000,1.00000,1.00000,1.00000
tk_hard,chunk_tkfmt,tkhard-tk-165-everyday,unseen_articles,everyday,tk,0.31546,0.00000,1.00000,0.12500
tk_hard,chunk_tkfmt,tkhard-tk-166-everyday,seen,everyday,tk,1.00000,1.00000,1.00000,1.00000
tk_hard,chunk_tkfmt,tkhard-tk-168-everyday,seen,everyday,tk,1.00000,1.00000,1.00000,1.00000
tk_hard,chunk_tkfmt,tkhard-tk-169-search,seen,search,tk,0.63093,1.00000,1.00000,0.50000
tk_hard,chunk_tkfmt,tkhard-tk-170-search,unseen_articles,search,tk,1.00000,1.00000,1.00000,1.00000
tk_hard,chunk_tkfmt,tkhard-tk-169-everyday,seen,everyday,tk,1.00000,1.00000,1.00000,1.00000
tk_hard,chunk_tkfmt,tkhard-tk-170-everyday,unseen_articles,everyday,tk,0.00000,0.00000,0.00000,0.00000
tk_hard,chunk_tkfmt,tkhard-tk-171-search,unseen_articles,search,tk,0.00000,0.00000,0.00000,0.00000
tk_hard,chunk_tkfmt,tkhard-tk-171-everyday,unseen_articles,everyday,tk,1.00000,1.00000,1.00000,1.00000
tk_hard,chunk_tkfmt,tkhard-tk-172-everyday,seen,everyday,tk,1.00000,1.00000,1.00000,1.00000
tk_hard,chunk_tkfmt,tkhard-tk-173.1-search,seen,search,tk,1.00000,1.00000,1.00000,1.00000
tk_hard,chunk_tkfmt,tkhard-tk-173-everyday,seen,everyday,tk,1.00000,1.00000,1.00000,1.00000
tk_hard,chunk_tkfmt,tkhard-tk-173.1-everyday,seen,everyday,tk,0.50000,1.00000,1.00000,0.33333
tk_hard,chunk_tkfmt,tkhard-tk-174-search,seen,search,tk,1.00000,1.00000,1.00000,1.00000
tk_hard,chunk_tkfmt,tkhard-tk-176-search,seen,search,tk,0.33333,0.00000,1.00000,0.14286
tk_hard,chunk_tkfmt,tkhard-tk-177-search,seen,search,tk,1.00000,1.00000,1.00000,1.00000
tk_hard,chunk_tkfmt,tkhard-tk-176-everyday,seen,everyday,tk,0.50000,1.00000,1.00000,0.33333
tk_hard,chunk_tkfmt,tkhard-tk-177-everyday,seen,everyday,tk,0.38685,1.00000,1.00000,0.20000
tk_hard,chunk_tkfmt,tkhard-tk-178-everyday,seen,everyday,tk,1.00000,1.00000,1.00000,1.00000
tk_hard,chunk_tkfmt,tkhard-tk-179-search,seen,search,tk,1.00000,1.00000,1.00000,1.00000
tk_hard,chunk_tkfmt,tkhard-tk-180-search,seen,search,tk,1.00000,1.00000,1.00000,1.00000
tk_hard,chunk_tkfmt,tkhard-tk-180-everyday,seen,everyday,tk,0.38685,1.00000,1.00000,0.20000
tk_hard,chunk_tkfmt,tkhard-tk-179-everyday,seen,everyday,tk,1.00000,1.00000,1.00000,1.00000
tk_hard,chunk_tkfmt,tkhard-tk-181.1-everyday,seen,everyday,tk,0.63093,1.00000,1.00000,0.50000
tk_hard,chunk_tkfmt,tkhard-tk-181.1-search,seen,search,tk,1.00000,1.00000,1.00000,1.00000
tk_hard,chunk_tkfmt,tkhard-tk-181-everyday,seen,everyday,tk,1.00000,1.00000,1.00000,1.00000
tk_hard,chunk_tkfmt,tkhard-tk-183-search,seen,search,tk,0.00000,0.00000,0.00000,0.00000
tk_hard,chunk_tkfmt,tkhard-tk-184-search,seen,search,tk,1.00000,1.00000,1.00000,1.00000
tk_hard,chunk_tkfmt,tkhard-tk-184-everyday,seen,everyday,tk,1.00000,1.00000,1.00000,1.00000
tk_hard,chunk_tkfmt,tkhard-tk-185-search,seen,search,tk,0.63093,1.00000,1.00000,0.50000
tk_hard,chunk_tkfmt,tkhard-tk-185-everyday,seen,everyday,tk,0.50000,1.00000,1.00000,0.33333
tk_hard,chunk_tkfmt,tkhard-tk-186-everyday,seen,everyday,tk,1.00000,1.00000,1.00000,1.00000
tk_hard,chunk_tkfmt,tkhard-tk-186.1-search,unseen_articles,search,tk,1.00000,1.00000,1.00000,1.00000
tk_hard,chunk_tkfmt,tkhard-tk-187-search,seen,search,tk,0.33333,0.00000,1.00000,0.14286
tk_hard,chunk_tkfmt,tkhard-tk-186.1-everyday,unseen_articles,everyday,tk,1.00000,1.00000,1.00000,1.00000
tk_hard,chunk_tkfmt,tkhard-tk-187-everyday,seen,everyday,tk,0.38685,1.00000,1.00000,0.20000
tk_hard,chunk_tkfmt,tkhard-tk-189-search,seen,search,tk,1.00000,1.00000,1.00000,1.00000
tk_hard,chunk_tkfmt,tkhard-tk-190-everyday,seen,everyday,tk,1.00000,1.00000,1.00000,1.00000
tk_hard,chunk_tkfmt,tkhard-tk-189-everyday,seen,everyday,tk,1.00000,1.00000,1.00000,1.00000
tk_hard,chunk_tkfmt,tkhard-tk-191-search,unseen_articles,search,tk,1.00000,1.00000,1.00000,1.00000
tk_hard,chunk_tkfmt,tkhard-tk-191-everyday,unseen_articles,everyday,tk,1.00000,1.00000,1.00000,1.00000
tk_hard,chunk_tkfmt,tkhard-tk-192-search,seen,search,tk,1.00000,1.00000,1.00000,1.00000
tk_hard,chunk_tkfmt,tkhard-tk-192-everyday,seen,everyday,tk,0.63093,1.00000,1.00000,0.50000
tk_hard,chunk_tkfmt,tkhard-tk-193-everyday,seen,everyday,tk,0.50000,1.00000,1.00000,0.33333
tk_hard,chunk_tkfmt,tkhard-tk-194-everyday,seen,everyday,tk,1.00000,1.00000,1.00000,1.00000
tk_hard,chunk_tkfmt,tkhard-tk-195-search,seen,search,tk,1.00000,1.00000,1.00000,1.00000
tk_hard,chunk_tkfmt,tkhard-tk-195-everyday,seen,everyday,tk,1.00000,1.00000,1.00000,1.00000
tk_hard,chunk_tkfmt,tkhard-tk-195.1-everyday,seen,everyday,tk,1.00000,1.00000,1.00000,1.00000
tk_hard,chunk_tkfmt,tkhard-tk-195.2-everyday,seen,everyday,tk,1.00000,1.00000,1.00000,1.00000
tk_hard,chunk_tkfmt,tkhard-tk-195.3-search,seen,search,tk,1.00000,1.00000,1.00000,1.00000
tk_hard,chunk_tkfmt,tkhard-tk-196-search,seen,search,tk,0.50000,1.00000,1.00000,0.33333
tk_hard,chunk_tkfmt,tkhard-tk-196-everyday,seen,everyday,tk,1.00000,1.00000,1.00000,1.00000
tk_hard,chunk_tkfmt,tkhard-tk-197-search,unseen_articles,search,tk,1.00000,1.00000,1.00000,1.00000
tk_hard,chunk_tkfmt,tkhard-tk-197-everyday,unseen_articles,everyday,tk,0.38685,1.00000,1.00000,0.20000
tk_hard,chunk_tkfmt,tkhard-tk-198-search,seen,search,tk,1.00000,1.00000,1.00000,1.00000
tk_hard,chunk_tkfmt,tkhard-tk-198-everyday,seen,everyday,tk,1.00000,1.00000,1.00000,1.00000
tk_hard,chunk_tkfmt,tkhard-tk-199-everyday,seen,everyday,tk,0.63093,1.00000,1.00000,0.50000
tk_hard,chunk_tkfmt,tkhard-tk-200-everyday,seen,everyday,tk,1.00000,1.00000,1.00000,1.00000
tk_hard,chunk_tkfmt,tkhard-tk-201-everyday,seen,everyday,tk,1.00000,1.00000,1.00000,1.00000
tk_hard,chunk_tkfmt,tkhard-tk-203-everyday,seen,everyday,tk,0.50000,1.00000,1.00000,0.33333
tk_hard,chunk_tkfmt,tkhard-tk-204-search,seen,search,tk,1.00000,1.00000,1.00000,1.00000
tk_hard,chunk_tkfmt,tkhard-tk-207-search,seen,search,tk,1.00000,1.00000,1.00000,1.00000
tk_hard,chunk_tkfmt,tkhard-tk-204-everyday,seen,everyday,tk,1.00000,1.00000,1.00000,1.00000
tk_hard,chunk_tkfmt,tkhard-tk-207-everyday,seen,everyday,tk,0.00000,0.00000,0.00000,0.00000
tk_hard,chunk_tkfmt,tkhard-tk-209-search,seen,search,tk,1.00000,1.00000,1.00000,1.00000
tk_hard,chunk_tkfmt,tkhard-tk-209-everyday,seen,everyday,tk,1.00000,1.00000,1.00000,1.00000
tk_hard,chunk_tkfmt,tkhard-tk-209.1-search,seen,search,tk,1.00000,1.00000,1.00000,1.00000
tk_hard,chunk_tkfmt,tkhard-tk-209.1-everyday,seen,everyday,tk,0.00000,0.00000,0.00000,0.00000
tk_hard,chunk_tkfmt,tkhard-tk-210-search,unseen_articles,search,tk,1.00000,1.00000,1.00000,1.00000
tk_hard,chunk_tkfmt,tkhard-tk-210-everyday,unseen_articles,everyday,tk,0.30103,0.00000,1.00000,0.11111
tk_hard,chunk_tkfmt,tkhard-tk-211-everyday,seen,everyday,tk,0.00000,0.00000,0.00000,0.00000
tk_hard,chunk_tkfmt,tkhard-tk-211.1-search,unseen_articles,search,tk,1.00000,1.00000,1.00000,1.00000
tk_hard,chunk_tkfmt,tkhard-tk-211.1-everyday,unseen_articles,everyday,tk,0.00000,0.00000,0.00000,0.00000
tk_hard,chunk_tkfmt,tkhard-tk-211.2-search,seen,search,tk,0.63093,1.00000,1.00000,0.50000
tk_hard,chunk_tkfmt,tkhard-tk-211.2-everyday,seen,everyday,tk,0.00000,0.00000,0.00000,0.00000
tk_hard,chunk_tkfmt,tkhard-tk-211.3-everyday,seen,everyday,tk,1.00000,1.00000,1.00000,1.00000
tk_hard,chunk_tkfmt,tkhard-tk-212-search,seen,search,tk,1.00000,1.00000,1.00000,1.00000
tk_hard,chunk_tkfmt,tkhard-tk-212-everyday,seen,everyday,tk,1.00000,1.00000,1.00000,1.00000
tk_hard,chunk_tkfmt,tkhard-tk-213-everyday,seen,everyday,tk,0.43068,1.00000,1.00000,0.25000
tk_hard,chunk_tkfmt,tkhard-tk-213.1-search,seen,search,tk,1.00000,1.00000,1.00000,1.00000
tk_hard,chunk_tkfmt,tkhard-tk-213.1-everyday,seen,everyday,tk,1.00000,1.00000,1.00000,1.00000
tk_hard,chunk_tkfmt,tkhard-tk-214-everyday,seen,everyday,tk,0.38685,1.00000,1.00000,0.20000
tk_hard,chunk_tkfmt,tkhard-tk-214.1-everyday,seen,everyday,tk,1.00000,1.00000,1.00000,1.00000
tk_hard,chunk_tkfmt,tkhard-tk-214.2-everyday,seen,everyday,tk,1.00000,1.00000,1.00000,1.00000
tk_hard,chunk_tkfmt,tkhard-tk-215-everyday,seen,everyday,tk,1.00000,1.00000,1.00000,1.00000
tk_hard,chunk_tkfmt,tkhard-tk-216.1-search,seen,search,tk,0.63093,1.00000,1.00000,0.50000
tk_hard,chunk_tkfmt,tkhard-tk-216-everyday,seen,everyday,tk,1.00000,1.00000,1.00000,1.00000
tk_hard,chunk_tkfmt,tkhard-tk-216.1-everyday,seen,everyday,tk,0.33333,0.00000,1.00000,0.14286
tk_hard,chunk_tkfmt,tkhard-tk-216.2-everyday,seen,everyday,tk,0.63093,1.00000,1.00000,0.50000
tk_hard,chunk_tkfmt,tkhard-tk-216.3-search,seen,search,tk,1.00000,1.00000,1.00000,1.00000
tk_hard,chunk_tkfmt,tkhard-tk-216.3-everyday,seen,everyday,tk,0.35621,0.00000,1.00000,0.16667
tk_hard,chunk_tkfmt,tkhard-tk-217-everyday,seen,everyday,tk,0.00000,0.00000,0.00000,0.00000
tk_hard,chunk_tkfmt,tkhard-tk-218-everyday,seen,everyday,tk,1.00000,1.00000,1.00000,1.00000
tk_hard,chunk_tkfmt,tkhard-tk-219-search,seen,search,tk,1.00000,1.00000,1.00000,1.00000
tk_hard,chunk_tkfmt,tkhard-tk-219-everyday,seen,everyday,tk,1.00000,1.00000,1.00000,1.00000
tk_hard,chunk_tkfmt,tkhard-tk-220-everyday,seen,everyday,tk,0.63093,1.00000,1.00000,0.50000
tk_hard,chunk_tkfmt,tkhard-tk-222-search,seen,search,tk,1.00000,1.00000,1.00000,1.00000
tk_hard,chunk_tkfmt,tkhard-tk-221-everyday,unseen_articles,everyday,tk,1.00000,1.00000,1.00000,1.00000
tk_hard,chunk_tkfmt,tkhard-tk-223-search,unseen_articles,search,tk,1.00000,1.00000,1.00000,1.00000
tk_hard,chunk_tkfmt,tkhard-tk-223-everyday,unseen_articles,everyday,tk,1.00000,1.00000,1.00000,1.00000
tk_hard,chunk_tkfmt,tkhard-tk-224-everyday,seen,everyday,tk,1.00000,1.00000,1.00000,1.00000
tk_hard,chunk_tkfmt,tkhard-tk-225-search,seen,search,tk,1.00000,1.00000,1.00000,1.00000
tk_hard,chunk_tkfmt,tkhard-tk-225-everyday,seen,everyday,tk,1.00000,1.00000,1.00000,1.00000
tk_hard,chunk_tkfmt,tkhard-tk-226-search,seen,search,tk,1.00000,1.00000,1.00000,1.00000
tk_hard,chunk_tkfmt,tkhard-tk-226-everyday,seen,everyday,tk,0.38685,1.00000,1.00000,0.20000
tk_hard,chunk_tkfmt,tkhard-tk-228-everyday,seen,everyday,tk,0.35621,0.00000,1.00000,0.16667
tk_hard,chunk_tkfmt,tkhard-tk-229-everyday,seen,everyday,tk,1.00000,1.00000,1.00000,1.00000
tk_hard,chunk_tkfmt,tkhard-tk-229.2-search,seen,search,tk,0.63093,1.00000,1.00000,0.50000
tk_hard,chunk_tkfmt,tkhard-tk-229.1-everyday,seen,everyday,tk,1.00000,1.00000,1.00000,1.00000
tk_hard,chunk_tkfmt,tkhard-tk-229.2-everyday,seen,everyday,tk,1.00000,1.00000,1.00000,1.00000
tk_hard,chunk_tkfmt,tkhard-tk-229.3-search,seen,search,tk,1.00000,1.00000,1.00000,1.00000
tk_hard,chunk_tkfmt,tkhard-tk-229.3-everyday,seen,everyday,tk,0.38685,1.00000,1.00000,0.20000
tk_hard,chunk_tkfmt,tkhard-tk-230-search,seen,search,tk,1.00000,1.00000,1.00000,1.00000
tk_hard,chunk_tkfmt,tkhard-tk-230-everyday,seen,everyday,tk,1.00000,1.00000,1.00000,1.00000
tk_hard,chunk_tkfmt,tkhard-tk-230.1-everyday,seen,everyday,tk,0.63093,1.00000,1.00000,0.50000
tk_hard,chunk_tkfmt,tkhard-tk-231-search,seen,search,tk,1.00000,1.00000,1.00000,1.00000
tk_hard,chunk_tkfmt,tkhard-tk-232-search,seen,search,tk,1.00000,1.00000,1.00000,1.00000
tk_hard,chunk_tkfmt,tkhard-tk-232-everyday,seen,everyday,tk,0.63093,1.00000,1.00000,0.50000
tk_hard,chunk_tkfmt,tkhard-tk-233-search,seen,search,tk,0.00000,0.00000,0.00000,0.00000
tk_hard,chunk_tkfmt,tkhard-tk-234-search,seen,search,tk,0.43068,1.00000,1.00000,0.25000
tk_hard,chunk_tkfmt,tkhard-tk-235-search,seen,search,tk,1.00000,1.00000,1.00000,1.00000
tk_hard,chunk_tkfmt,tkhard-tk-236-search,seen,search,tk,1.00000,1.00000,1.00000,1.00000
tk_hard,chunk_tkfmt,tkhard-tk-236-everyday,seen,everyday,tk,1.00000,1.00000,1.00000,1.00000
tk_hard,chunk_tkfmt,tkhard-tk-235-everyday,seen,everyday,tk,0.35621,0.00000,1.00000,0.16667
tk_hard,chunk_tkfmt,tkhard-tk-237-everyday,seen,everyday,tk,0.31546,0.00000,1.00000,0.12500
tk_hard,chunk_tkfmt,tkhard-tk-239-search,seen,search,tk,1.00000,1.00000,1.00000,1.00000
tk_hard,chunk_tkfmt,tkhard-tk-238-everyday,seen,everyday,tk,0.43068,1.00000,1.00000,0.25000
tk_hard,chunk_tkfmt,tkhard-tk-239-everyday,seen,everyday,tk,0.00000,0.00000,0.00000,0.00000
tk_hard,chunk_tkfmt,tkhard-tk-240-everyday,seen,everyday,tk,1.00000,1.00000,1.00000,1.00000
tk_hard,chunk_tkfmt,tkhard-tk-242-everyday,seen,everyday,tk,0.00000,0.00000,0.00000,0.00000
tk_hard,chunk_tkfmt,tkhard-tk-243-everyday,seen,everyday,tk,0.00000,0.00000,0.00000,0.00000
tk_hard,chunk_tkfmt,tkhard-tk-244-search,seen,search,tk,1.00000,1.00000,1.00000,1.00000
tk_hard,chunk_tkfmt,tkhard-tk-245-search,unseen_articles,search,tk,1.00000,1.00000,1.00000,1.00000
tk_hard,chunk_tkfmt,tkhard-tk-244-everyday,seen,everyday,tk,0.50000,1.00000,1.00000,0.33333
tk_hard,chunk_tkfmt,tkhard-tk-246-search,seen,search,tk,1.00000,1.00000,1.00000,1.00000
tk_hard,chunk_tkfmt,tkhard-tk-245-everyday,unseen_articles,everyday,tk,1.00000,1.00000,1.00000,1.00000
tk_hard,chunk_tkfmt,tkhard-tk-246-everyday,seen,everyday,tk,1.00000,1.00000,1.00000,1.00000
tk_hard,chunk_tkfmt,tkhard-tk-247-everyday,seen,everyday,tk,1.00000,1.00000,1.00000,1.00000
tk_hard,chunk_tkfmt,tkhard-tk-248-everyday,seen,everyday,tk,0.00000,0.00000,0.00000,0.00000
tk_hard,chunk_tkfmt,tkhard-tk-249-everyday,seen,everyday,tk,1.00000,1.00000,1.00000,1.00000
tk_hard,chunk_tkfmt,tkhard-tk-250-search,seen,search,tk,1.00000,1.00000,1.00000,1.00000
tk_hard,chunk_tkfmt,tkhard-tk-250-everyday,seen,everyday,tk,1.00000,1.00000,1.00000,1.00000
tk_hard,chunk_tkfmt,tkhard-tk-253-search,seen,search,tk,1.00000,1.00000,1.00000,1.00000
tk_hard,chunk_tkfmt,tkhard-tk-251-everyday,seen,everyday,tk,0.00000,0.00000,0.00000,0.00000
tk_hard,chunk_tkfmt,tkhard-tk-253-everyday,seen,everyday,tk,1.00000,1.00000,1.00000,1.00000
tk_hard,chunk_tkfmt,tkhard-tk-254-search,seen,search,tk,1.00000,1.00000,1.00000,1.00000
tk_hard,chunk_tkfmt,tkhard-tk-254-everyday,seen,everyday,tk,1.00000,1.00000,1.00000,1.00000
tk_hard,chunk_tkfmt,tkhard-tk-255-everyday,seen,everyday,tk,1.00000,1.00000,1.00000,1.00000
tk_hard,chunk_tkfmt,tkhard-tk-256-everyday,seen,everyday,tk,1.00000,1.00000,1.00000,1.00000
tk_hard,chunk_tkfmt,tkhard-tk-257-search,seen,search,tk,1.00000,1.00000,1.00000,1.00000
tk_hard,chunk_tkfmt,tkhard-tk-258-everyday,seen,everyday,tk,1.00000,1.00000,1.00000,1.00000
tk_hard,chunk_tkfmt,tkhard-tk-259-everyday,seen,everyday,tk,0.43068,1.00000,1.00000,0.25000
tk_hard,chunk_tkfmt,tkhard-tk-259-search,seen,search,tk,1.00000,1.00000,1.00000,1.00000
tk_hard,chunk_tkfmt,tkhard-tk-260-search,seen,search,tk,0.63093,1.00000,1.00000,0.50000
tk_hard,chunk_tkfmt,tkhard-tk-260-everyday,seen,everyday,tk,0.50000,1.00000,1.00000,0.33333
tk_hard,chunk_tkfmt,tkhard-tk-261-search,seen,search,tk,1.00000,1.00000,1.00000,1.00000
tk_hard,chunk_tkfmt,tkhard-tk-262-search,unseen_articles,search,tk,1.00000,1.00000,1.00000,1.00000
tk_hard,chunk_tkfmt,tkhard-tk-261-everyday,seen,everyday,tk,1.00000,1.00000,1.00000,1.00000
tk_hard,chunk_tkfmt,tkhard-tk-262-everyday,unseen_articles,everyday,tk,1.00000,1.00000,1.00000,1.00000
tk_hard,chunk_tkfmt,tkhard-tk-262.1-search,seen,search,tk,1.00000,1.00000,1.00000,1.00000
tk_hard,chunk_tkfmt,tkhard-tk-262.1-everyday,seen,everyday,tk,1.00000,1.00000,1.00000,1.00000
tk_hard,chunk_tkfmt,tkhard-tk-263-search,seen,search,tk,1.00000,1.00000,1.00000,1.00000
tk_hard,chunk_tkfmt,tkhard-tk-263-everyday,seen,everyday,tk,0.50000,1.00000,1.00000,0.33333
tk_hard,chunk_tkfmt,tkhard-tk-264-search,seen,search,tk,1.00000,1.00000,1.00000,1.00000
tk_hard,chunk_tkfmt,tkhard-tk-264-everyday,seen,everyday,tk,0.28906,0.00000,1.00000,0.10000
tk_hard,chunk_tkfmt,tkhard-tk-265-search,seen,search,tk,0.63093,1.00000,1.00000,0.50000
tk_hard,chunk_tkfmt,tkhard-tk-266-search,seen,search,tk,1.00000,1.00000,1.00000,1.00000
tk_hard,chunk_tkfmt,tkhard-tk-265-everyday,seen,everyday,tk,1.00000,1.00000,1.00000,1.00000
tk_hard,chunk_tkfmt,tkhard-tk-267-search,unseen_articles,search,tk,1.00000,1.00000,1.00000,1.00000
tk_hard,chunk_tkfmt,tkhard-tk-267-everyday,unseen_articles,everyday,tk,1.00000,1.00000,1.00000,1.00000
tk_hard,chunk_tkfmt,tkhard-tk-268-search,seen,search,tk,1.00000,1.00000,1.00000,1.00000
tk_hard,chunk_tkfmt,tkhard-tk-268-everyday,seen,everyday,tk,1.00000,1.00000,1.00000,1.00000
tk_hard,chunk_tkfmt,tkhard-tk-269-search,seen,search,tk,1.00000,1.00000,1.00000,1.00000
tk_hard,chunk_tkfmt,tkhard-tk-269-everyday,seen,everyday,tk,0.63093,1.00000,1.00000,0.50000
tk_hard,chunk_tkfmt,tkhard-tk-270-search,unseen_articles,search,tk,1.00000,1.00000,1.00000,1.00000
tk_hard,chunk_tkfmt,tkhard-tk-271-search,seen,search,tk,1.00000,1.00000,1.00000,1.00000
tk_hard,chunk_tkfmt,tkhard-tk-271-everyday,seen,everyday,tk,1.00000,1.00000,1.00000,1.00000
tk_hard,chunk_tkfmt,tkhard-tk-270-everyday,unseen_articles,everyday,tk,0.63093,1.00000,1.00000,0.50000
tk_hard,chunk_tkfmt,tkhard-tk-273-search,seen,search,tk,1.00000,1.00000,1.00000,1.00000
tk_hard,chunk_tkfmt,tkhard-tk-273-everyday,seen,everyday,tk,0.00000,0.00000,0.00000,0.00000
tk_hard,chunk_tkfmt,tkhard-tk-274-search,seen,search,tk,1.00000,1.00000,1.00000,1.00000
tk_hard,chunk_tkfmt,tkhard-tk-274-everyday,seen,everyday,tk,1.00000,1.00000,1.00000,1.00000
tk_hard,chunk_tkfmt,tkhard-tk-275-everyday,seen,everyday,tk,1.00000,1.00000,1.00000,1.00000
tk_hard,chunk_tkfmt,tkhard-tk-276-everyday,seen,everyday,tk,0.63093,1.00000,1.00000,0.50000
tk_hard,chunk_tkfmt,tkhard-tk-277-everyday,seen,everyday,tk,0.00000,0.00000,0.00000,0.00000
tk_hard,chunk_tkfmt,tkhard-tk-278-search,seen,search,tk,1.00000,1.00000,1.00000,1.00000
tk_hard,chunk_tkfmt,tkhard-tk-278-everyday,seen,everyday,tk,1.00000,1.00000,1.00000,1.00000
tk_hard,chunk_tkfmt,tkhard-tk-279-everyday,seen,everyday,tk,0.00000,0.00000,0.00000,0.00000
tk_hard,chunk_tkfmt,tkhard-tk-280-search,seen,search,tk,1.00000,1.00000,1.00000,1.00000
tk_hard,chunk_tkfmt,tkhard-tk-280-everyday,seen,everyday,tk,1.00000,1.00000,1.00000,1.00000
tk_hard,chunk_tkfmt,tkhard-tk-281-everyday,seen,everyday,tk,1.00000,1.00000,1.00000,1.00000
tk_hard,chunk_tkfmt,tkhard-tk-281.1-search,seen,search,tk,1.00000,1.00000,1.00000,1.00000
tk_hard,chunk_tkfmt,tkhard-tk-282-search,seen,search,tk,1.00000,1.00000,1.00000,1.00000
tk_hard,chunk_tkfmt,tkhard-tk-282-everyday,seen,everyday,tk,0.43068,1.00000,1.00000,0.25000
tk_hard,chunk_tkfmt,tkhard-tk-283-everyday,seen,everyday,tk,1.00000,1.00000,1.00000,1.00000
tk_hard,chunk_tkfmt,tkhard-tk-284-everyday,seen,everyday,tk,1.00000,1.00000,1.00000,1.00000
tk_hard,chunk_tkfmt,tkhard-tk-286-search,unseen_articles,search,tk,1.00000,1.00000,1.00000,1.00000
tk_hard,chunk_tkfmt,tkhard-tk-286-everyday,unseen_articles,everyday,tk,1.00000,1.00000,1.00000,1.00000
tk_hard,chunk_tkfmt,tkhard-tk-285-everyday,seen,everyday,tk,0.38685,1.00000,1.00000,0.20000
tk_hard,chunk_tkfmt,tkhard-tk-288-search,seen,search,tk,1.00000,1.00000,1.00000,1.00000
tk_hard,chunk_tkfmt,tkhard-tk-287-everyday,seen,everyday,tk,0.63093,1.00000,1.00000,0.50000
tk_hard,chunk_tkfmt,tkhard-tk-288-everyday,seen,everyday,tk,0.50000,1.00000,1.00000,0.33333
tk_hard,chunk_tkfmt,tkhard-tk-290-search,seen,search,tk,1.00000,1.00000,1.00000,1.00000
tk_hard,chunk_tkfmt,tkhard-tk-290-everyday,seen,everyday,tk,1.00000,1.00000,1.00000,1.00000
tk_hard,chunk_tkfmt,tkhard-tk-291-everyday,seen,everyday,tk,1.00000,1.00000,1.00000,1.00000
tk_hard,chunk_tkfmt,tkhard-tk-292-search,seen,search,tk,1.00000,1.00000,1.00000,1.00000
tk_hard,chunk_tkfmt,tkhard-tk-292-everyday,seen,everyday,tk,0.63093,1.00000,1.00000,0.50000
tk_hard,chunk_tkfmt,tkhard-tk-293-search,seen,search,tk,1.00000,1.00000,1.00000,1.00000
tk_hard,chunk_tkfmt,tkhard-tk-293-everyday,seen,everyday,tk,1.00000,1.00000,1.00000,1.00000
tk_hard,chunk_tkfmt,tkhard-tk-296-search,seen,search,tk,1.00000,1.00000,1.00000,1.00000
tk_hard,chunk_tkfmt,tkhard-tk-296-everyday,seen,everyday,tk,1.00000,1.00000,1.00000,1.00000
tk_hard,chunk_tkfmt,tkhard-tk-297-search,unseen_articles,search,tk,1.00000,1.00000,1.00000,1.00000
tk_hard,chunk_tkfmt,tkhard-tk-297-everyday,unseen_articles,everyday,tk,1.00000,1.00000,1.00000,1.00000
tk_hard,chunk_tkfmt,tkhard-tk-298-everyday,seen,everyday,tk,1.00000,1.00000,1.00000,1.00000
tk_hard,chunk_tkfmt,tkhard-tk-299-search,seen,search,tk,1.00000,1.00000,1.00000,1.00000
tk_hard,chunk_tkfmt,tkhard-tk-301-search,seen,search,tk,0.63093,1.00000,1.00000,0.50000
tk_hard,chunk_tkfmt,tkhard-tk-300-everyday,seen,everyday,tk,1.00000,1.00000,1.00000,1.00000
tk_hard,chunk_tkfmt,tkhard-tk-302-search,seen,search,tk,1.00000,1.00000,1.00000,1.00000
tk_hard,chunk_tkfmt,tkhard-tk-301-everyday,seen,everyday,tk,1.00000,1.00000,1.00000,1.00000
tk_hard,chunk_tkfmt,tkhard-tk-302-everyday,seen,everyday,tk,1.00000,1.00000,1.00000,1.00000
tk_hard,chunk_tkfmt,tkhard-tk-303-search,seen,search,tk,0.31546,0.00000,1.00000,0.12500
tk_hard,chunk_tkfmt,tkhard-tk-303-everyday,seen,everyday,tk,1.00000,1.00000,1.00000,1.00000
tk_hard,chunk_tkfmt,tkhard-tk-304-everyday,seen,everyday,tk,1.00000,1.00000,1.00000,1.00000
tk_hard,chunk_tkfmt,tkhard-tk-305-search,seen,search,tk,0.00000,0.00000,0.00000,0.00000
tk_hard,chunk_tkfmt,tkhard-tk-306-search,seen,search,tk,1.00000,1.00000,1.00000,1.00000
tk_hard,chunk_tkfmt,tkhard-tk-305-everyday,seen,everyday,tk,1.00000,1.00000,1.00000,1.00000
tk_hard,chunk_tkfmt,tkhard-tk-306-everyday,seen,everyday,tk,0.63093,1.00000,1.00000,0.50000
tk_hard,chunk_tkfmt,tkhard-tk-307-search,seen,search,tk,0.38685,1.00000,1.00000,0.20000
tk_hard,chunk_tkfmt,tkhard-tk-308-search,seen,search,tk,0.63093,1.00000,1.00000,0.50000
tk_hard,chunk_tkfmt,tkhard-tk-307-everyday,seen,everyday,tk,0.28906,0.00000,1.00000,0.10000
tk_hard,chunk_tkfmt,tkhard-tk-309-search,seen,search,tk,1.00000,1.00000,1.00000,1.00000
tk_hard,chunk_tkfmt,tkhard-tk-309-everyday,seen,everyday,tk,1.00000,1.00000,1.00000,1.00000
tk_hard,chunk_tkfmt,tkhard-tk-309.1-search,unseen_articles,search,tk,1.00000,1.00000,1.00000,1.00000
tk_hard,chunk_tkfmt,tkhard-tk-309.1-everyday,unseen_articles,everyday,tk,1.00000,1.00000,1.00000,1.00000
tk_hard,chunk_tkfmt,tkhard-tk-309.2-search,seen,search,tk,1.00000,1.00000,1.00000,1.00000
tk_hard,chunk_tkfmt,tkhard-tk-310-search,unseen_articles,search,tk,1.00000,1.00000,1.00000,1.00000
tk_hard,chunk_tkfmt,tkhard-tk-309.2-everyday,seen,everyday,tk,1.00000,1.00000,1.00000,1.00000
tk_hard,chunk_tkfmt,tkhard-tk-310-everyday,unseen_articles,everyday,tk,1.00000,1.00000,1.00000,1.00000
tk_hard,chunk_tkfmt,tkhard-tk-312.1-search,seen,search,tk,1.00000,1.00000,1.00000,1.00000
tk_hard,chunk_tkfmt,tkhard-tk-312.2-search,seen,search,tk,1.00000,1.00000,1.00000,1.00000
tk_hard,chunk_tkfmt,tkhard-tk-312.2-everyday,seen,everyday,tk,1.00000,1.00000,1.00000,1.00000
tk_hard,chunk_tkfmt,tkhard-tk-312.1-everyday,seen,everyday,tk,1.00000,1.00000,1.00000,1.00000
tk_hard,chunk_tkfmt,tkhard-tk-312.4-everyday,seen,everyday,tk,1.00000,1.00000,1.00000,1.00000
tk_hard,chunk_tkfmt,tkhard-tk-312.3-everyday,seen,everyday,tk,0.28906,0.00000,1.00000,0.10000
tk_hard,chunk_tkfmt,tkhard-tk-312.6-search,seen,search,tk,0.63093,1.00000,1.00000,0.50000
tk_hard,chunk_tkfmt,tkhard-tk-312.6-everyday,seen,everyday,tk,0.50000,1.00000,1.00000,0.33333
tk_hard,chunk_tkfmt,tkhard-tk-312.8-search,seen,search,tk,1.00000,1.00000,1.00000,1.00000
tk_hard,chunk_tkfmt,tkhard-tk-312.8-everyday,seen,everyday,tk,0.35621,0.00000,1.00000,0.16667
tk_hard,chunk_tkfmt,tkhard-tk-312.9-everyday,seen,everyday,tk,1.00000,1.00000,1.00000,1.00000
tk_hard,chunk_tkfmt,tkhard-tk-313-search,seen,search,tk,1.00000,1.00000,1.00000,1.00000
tk_hard,chunk_tkfmt,tkhard-tk-313-everyday,seen,everyday,tk,1.00000,1.00000,1.00000,1.00000
tk_hard,chunk_tkfmt,tkhard-tk-314-search,seen,search,tk,1.00000,1.00000,1.00000,1.00000
tk_hard,chunk_tkfmt,tkhard-tk-314-everyday,seen,everyday,tk,1.00000,1.00000,1.00000,1.00000
tk_hard,chunk_tkfmt,tkhard-tk-316-search,seen,search,tk,1.00000,1.00000,1.00000,1.00000
tk_hard,chunk_tkfmt,tkhard-tk-317-search,seen,search,tk,1.00000,1.00000,1.00000,1.00000
tk_hard,chunk_tkfmt,tkhard-tk-316-everyday,seen,everyday,tk,0.43068,1.00000,1.00000,0.25000
tk_hard,chunk_tkfmt,tkhard-tk-318-search,seen,search,tk,1.00000,1.00000,1.00000,1.00000
tk_hard,chunk_tkfmt,tkhard-tk-318-everyday,seen,everyday,tk,1.00000,1.00000,1.00000,1.00000
tk_hard,chunk_tkfmt,tkhard-tk-319-search,seen,search,tk,1.00000,1.00000,1.00000,1.00000
tk_hard,chunk_tkfmt,tkhard-tk-319-everyday,seen,everyday,tk,1.00000,1.00000,1.00000,1.00000
tk_hard,chunk_tkfmt,tkhard-tk-320-everyday,seen,everyday,tk,1.00000,1.00000,1.00000,1.00000
tk_hard,chunk_tkfmt,tkhard-tk-320-search,seen,search,tk,1.00000,1.00000,1.00000,1.00000
tk_hard,chunk_tkfmt,tkhard-tk-322-search,seen,search,tk,0.38685,1.00000,1.00000,0.20000
tk_hard,chunk_tkfmt,tkhard-tk-323-search,seen,search,tk,1.00000,1.00000,1.00000,1.00000
tk_hard,chunk_tkfmt,tkhard-tk-323-everyday,seen,everyday,tk,0.50000,1.00000,1.00000,0.33333
tk_hard,chunk_tkfmt,tkhard-tk-322-everyday,seen,everyday,tk,1.00000,1.00000,1.00000,1.00000
tk_hard,chunk_tkfmt,tkhard-tk-324-search,seen,search,tk,1.00000,1.00000,1.00000,1.00000
tk_hard,chunk_tkfmt,tkhard-tk-324-everyday,seen,everyday,tk,0.63093,1.00000,1.00000,0.50000
tk_hard,chunk_tkfmt,tkhard-tk-326-everyday,seen,everyday,tk,1.00000,1.00000,1.00000,1.00000
tk_hard,chunk_tkfmt,tkhard-tk-327-everyday,seen,everyday,tk,0.63093,1.00000,1.00000,0.50000
tk_hard,chunk_tkfmt,tkhard-tk-327.1-search,seen,search,tk,1.00000,1.00000,1.00000,1.00000
tk_hard,chunk_tkfmt,tkhard-tk-327.1-everyday,seen,everyday,tk,1.00000,1.00000,1.00000,1.00000
tk_hard,chunk_tkfmt,tkhard-tk-327.2-search,seen,search,tk,0.35621,0.00000,1.00000,0.16667
tk_hard,chunk_tkfmt,tkhard-tk-327.2-everyday,seen,everyday,tk,0.30103,0.00000,1.00000,0.11111
tk_hard,chunk_tkfmt,tkhard-tk-327.3-search,seen,search,tk,1.00000,1.00000,1.00000,1.00000
tk_hard,chunk_tkfmt,tkhard-tk-327.3-everyday,seen,everyday,tk,1.00000,1.00000,1.00000,1.00000
tk_hard,chunk_tkfmt,tkhard-tk-327.5-search,seen,search,tk,1.00000,1.00000,1.00000,1.00000
tk_hard,chunk_tkfmt,tkhard-tk-327.4-everyday,seen,everyday,tk,0.00000,0.00000,0.00000,0.00000
tk_hard,chunk_tkfmt,tkhard-tk-327.5-everyday,seen,everyday,tk,1.00000,1.00000,1.00000,1.00000
tk_hard,chunk_tkfmt,tkhard-tk-327.6-everyday,unseen_articles,everyday,tk,0.50000,1.00000,1.00000,0.33333
tk_hard,chunk_tkfmt,tkhard-tk-328-search,seen,search,tk,1.00000,1.00000,1.00000,1.00000
tk_hard,chunk_tkfmt,tkhard-tk-329-search,unseen_articles,search,tk,0.63093,1.00000,1.00000,0.50000
tk_hard,chunk_tkfmt,tkhard-tk-328-everyday,seen,everyday,tk,0.63093,1.00000,1.00000,0.50000
tk_hard,chunk_tkfmt,tkhard-tk-329-everyday,unseen_articles,everyday,tk,0.63093,1.00000,1.00000,0.50000
tk_hard,chunk_tkfmt,tkhard-tk-330-search,seen,search,tk,1.00000,1.00000,1.00000,1.00000
tk_hard,chunk_tkfmt,tkhard-tk-329.1-everyday,seen,everyday,tk,1.00000,1.00000,1.00000,1.00000
tk_hard,chunk_tkfmt,tkhard-tk-330-everyday,seen,everyday,tk,1.00000,1.00000,1.00000,1.00000
tk_hard,chunk_tkfmt,tkhard-tk-330.1-search,seen,search,tk,0.63093,1.00000,1.00000,0.50000
tk_hard,chunk_tkfmt,tkhard-tk-330.1-everyday,seen,everyday,tk,0.50000,1.00000,1.00000,0.33333
tk_hard,chunk_tkfmt,tkhard-tk-330.3-everyday,seen,everyday,tk,1.00000,1.00000,1.00000,1.00000
tk_hard,chunk_tkfmt,tkhard-tk-330.4-everyday,seen,everyday,tk,1.00000,1.00000,1.00000,1.00000
tk_hard,chunk_tkfmt,tkhard-tk-331-search,seen,search,tk,1.00000,1.00000,1.00000,1.00000
tk_hard,chunk_tkfmt,tkhard-tk-331-everyday,seen,everyday,tk,1.00000,1.00000,1.00000,1.00000
tk_hard,chunk_tkfmt,tkhard-tk-331.1-everyday,seen,everyday,tk,1.00000,1.00000,1.00000,1.00000
tk_hard,chunk_tkfmt,tkhard-tk-332-search,seen,search,tk,1.00000,1.00000,1.00000,1.00000
tk_hard,chunk_tkfmt,tkhard-tk-332-everyday,seen,everyday,tk,1.00000,1.00000,1.00000,1.00000
tk_hard,chunk_tkfmt,tkhard-tk-332.1-search,seen,search,tk,1.00000,1.00000,1.00000,1.00000
tk_hard,chunk_tkfmt,tkhard-tk-332.1-everyday,seen,everyday,tk,0.50000,1.00000,1.00000,0.33333
tk_hard,chunk_tkfmt,tkhard-tk-333-everyday,seen,everyday,tk,0.38685,1.00000,1.00000,0.20000
tk_hard,chunk_tkfmt,tkhard-tk-334-search,unseen_articles,search,tk,0.63093,1.00000,1.00000,0.50000
tk_hard,chunk_tkfmt,tkhard-tk-336.1-search,seen,search,tk,1.00000,1.00000,1.00000,1.00000
tk_hard,chunk_tkfmt,tkhard-tk-336.1-everyday,seen,everyday,tk,1.00000,1.00000,1.00000,1.00000
tk_hard,chunk_tkfmt,tkhard-tk-336.2-search,seen,search,tk,1.00000,1.00000,1.00000,1.00000
tk_hard,chunk_tkfmt,tkhard-tk-336.3-everyday,seen,everyday,tk,1.00000,1.00000,1.00000,1.00000
tk_hard,chunk_tkfmt,tkhard-tk-336.2-everyday,seen,everyday,tk,1.00000,1.00000,1.00000,1.00000
tk_hard,chunk_tkfmt,tkhard-tk-337-search,seen,search,tk,1.00000,1.00000,1.00000,1.00000
tk_hard,chunk_tkfmt,tkhard-tk-337-everyday,seen,everyday,tk,1.00000,1.00000,1.00000,1.00000
tk_hard,chunk_tkfmt,tkhard-tk-338-everyday,seen,everyday,tk,1.00000,1.00000,1.00000,1.00000
tk_hard,chunk_tkfmt,tkhard-tk-338-search,seen,search,tk,1.00000,1.00000,1.00000,1.00000
tk_hard,chunk_tkfmt,tkhard-tk-339-search,seen,search,tk,1.00000,1.00000,1.00000,1.00000
tk_hard,chunk_tkfmt,tkhard-tk-339-everyday,seen,everyday,tk,1.00000,1.00000,1.00000,1.00000
tk_hard,chunk_tkfmt,tkhard-tk-341.1-everyday,seen,everyday,tk,0.30103,0.00000,1.00000,0.11111
tk_hard,chunk_tkfmt,tkhard-tk-341.1-search,seen,search,tk,0.63093,1.00000,1.00000,0.50000
tk_hard,chunk_tkfmt,tkhard-tk-341.1-1-search,seen,search,tk,1.00000,1.00000,1.00000,1.00000
tk_hard,chunk_tkfmt,tkhard-tk-341.1-2-search,seen,search,tk,1.00000,1.00000,1.00000,1.00000
tk_hard,chunk_tkfmt,tkhard-tk-341.1-1-everyday,seen,everyday,tk,1.00000,1.00000,1.00000,1.00000
tk_hard,chunk_tkfmt,tkhard-tk-341.1-2-everyday,seen,everyday,tk,0.00000,0.00000,0.00000,0.00000
tk_hard,chunk_tkfmt,tkhard-tk-341.1-3-search,seen,search,tk,1.00000,1.00000,1.00000,1.00000
tk_hard,chunk_tkfmt,tkhard-tk-341.1-3-everyday,seen,everyday,tk,0.31546,0.00000,1.00000,0.12500
tk_hard,chunk_tkfmt,tkhard-tk-341.1-4-everyday,seen,everyday,tk,0.00000,0.00000,0.00000,0.00000
tk_hard,chunk_tkfmt,tkhard-tk-341.2-search,seen,search,tk,0.63093,1.00000,1.00000,0.50000
tk_hard,chunk_tkfmt,tkhard-tk-341.2-everyday,seen,everyday,tk,0.63093,1.00000,1.00000,0.50000
tk_hard,chunk_tkfmt,tkhard-tk-341.3-search,seen,search,tk,1.00000,1.00000,1.00000,1.00000
tk_hard,chunk_tkfmt,tkhard-tk-341.3-everyday,seen,everyday,tk,0.28906,0.00000,1.00000,0.10000
tk_hard,chunk_tkfmt,tkhard-tk-341.5-search,seen,search,tk,1.00000,1.00000,1.00000,1.00000
tk_hard,chunk_tkfmt,tkhard-tk-342-everyday,seen,everyday,tk,1.00000,1.00000,1.00000,1.00000
tk_hard,chunk_tkfmt,tkhard-tk-341.5-everyday,seen,everyday,tk,0.63093,1.00000,1.00000,0.50000
tk_hard,chunk_tkfmt,tkhard-tk-345-everyday,seen,everyday,tk,1.00000,1.00000,1.00000,1.00000
tk_hard,chunk_tkfmt,tkhard-tk-344-everyday,seen,everyday,tk,1.00000,1.00000,1.00000,1.00000
tk_hard,chunk_tkfmt,tkhard-tk-345.1-search,seen,search,tk,1.00000,1.00000,1.00000,1.00000
tk_hard,chunk_tkfmt,tkhard-tk-345.1-everyday,seen,everyday,tk,1.00000,1.00000,1.00000,1.00000
tk_hard,chunk_tkfmt,tkhard-tk-346-everyday,seen,everyday,tk,0.63093,1.00000,1.00000,0.50000
tk_hard,chunk_tkfmt,tkhard-tk-347-search,seen,search,tk,1.00000,1.00000,1.00000,1.00000
tk_hard,chunk_tkfmt,tkhard-tk-348.1-search,seen,search,tk,0.63093,1.00000,1.00000,0.50000
tk_hard,chunk_tkfmt,tkhard-tk-347-everyday,seen,everyday,tk,1.00000,1.00000,1.00000,1.00000
tk_hard,chunk_tkfmt,tkhard-tk-348.1-everyday,seen,everyday,tk,1.00000,1.00000,1.00000,1.00000
tk_hard,chunk_tkfmt,tkhard-tk-348.2-everyday,unseen_articles,everyday,tk,1.00000,1.00000,1.00000,1.00000
tk_hard,chunk_tkfmt,tkhard-tk-348.3-everyday,seen,everyday,tk,1.00000,1.00000,1.00000,1.00000
tk_hard,chunk_tkfmt,tkhard-tk-348.4-search,seen,search,tk,1.00000,1.00000,1.00000,1.00000
tk_hard,chunk_tkfmt,tkhard-tk-348.5-search,seen,search,tk,1.00000,1.00000,1.00000,1.00000
tk_hard,chunk_tkfmt,tkhard-tk-348.5-everyday,seen,everyday,tk,1.00000,1.00000,1.00000,1.00000
tk_hard,chunk_tkfmt,tkhard-tk-348.4-everyday,seen,everyday,tk,1.00000,1.00000,1.00000,1.00000
tk_hard,chunk_tkfmt,tkhard-tk-348.6-search,seen,search,tk,0.50000,1.00000,1.00000,0.33333
tk_hard,chunk_tkfmt,tkhard-tk-348.6-everyday,seen,everyday,tk,0.50000,1.00000,1.00000,0.33333
tk_hard,chunk_tkfmt,tkhard-tk-348.7-search,seen,search,tk,1.00000,1.00000,1.00000,1.00000
tk_hard,chunk_tkfmt,tkhard-tk-348.7-everyday,seen,everyday,tk,1.00000,1.00000,1.00000,1.00000
tk_hard,chunk_tkfmt,tkhard-tk-348.9-everyday,seen,everyday,tk,1.00000,1.00000,1.00000,1.00000
tk_hard,chunk_tkfmt,tkhard-tk-348.9-search,seen,search,tk,1.00000,1.00000,1.00000,1.00000
tk_hard,chunk_tkfmt,tkhard-tk-348.8-everyday,seen,everyday,tk,1.00000,1.00000,1.00000,1.00000
tk_hard,chunk_tkfmt,tkhard-tk-348.10-search,seen,search,tk,1.00000,1.00000,1.00000,1.00000
tk_hard,chunk_tkfmt,tkhard-tk-348.11-everyday,seen,everyday,tk,0.50000,1.00000,1.00000,0.33333
tk_hard,chunk_tkfmt,tkhard-tk-348.10-everyday,seen,everyday,tk,0.63093,1.00000,1.00000,0.50000
tk_hard,chunk_tkfmt,tkhard-tk-348.12-search,seen,search,tk,1.00000,1.00000,1.00000,1.00000
tk_hard,chunk_tkfmt,tkhard-tk-348.12-everyday,seen,everyday,tk,1.00000,1.00000,1.00000,1.00000
tk_hard,chunk_tkfmt,tkhard-tk-349-search,seen,search,tk,1.00000,1.00000,1.00000,1.00000
tk_hard,chunk_tkfmt,tkhard-tk-349-everyday,seen,everyday,tk,1.00000,1.00000,1.00000,1.00000
tk_hard,chunk_tkfmt,tkhard-tk-349.1-search,seen,search,tk,1.00000,1.00000,1.00000,1.00000
tk_hard,chunk_tkfmt,tkhard-tk-349.1-everyday,seen,everyday,tk,0.43068,1.00000,1.00000,0.25000
tk_hard,chunk_tkfmt,tkhard-tk-349.2-search,seen,search,tk,1.00000,1.00000,1.00000,1.00000
tk_hard,chunk_tkfmt,tkhard-tk-349.4-search,seen,search,tk,1.00000,1.00000,1.00000,1.00000
tk_hard,chunk_tkfmt,tkhard-tk-349.2-everyday,seen,everyday,tk,0.43068,1.00000,1.00000,0.25000
tk_hard,chunk_tkfmt,tkhard-tk-349.4-everyday,seen,everyday,tk,1.00000,1.00000,1.00000,1.00000
tk_hard,chunk_tkfmt,tkhard-tk-349.5-search,seen,search,tk,1.00000,1.00000,1.00000,1.00000
tk_hard,chunk_tkfmt,tkhard-tk-349.5-everyday,seen,everyday,tk,0.50000,1.00000,1.00000,0.33333
tk_hard,chunk_tkfmt,tkhard-tk-349.6-search,seen,search,tk,0.33333,0.00000,1.00000,0.14286
tk_hard,chunk_tkfmt,tkhard-tk-349.6-everyday,seen,everyday,tk,1.00000,1.00000,1.00000,1.00000
tk_hard,chunk_tkfmt,tkhard-tk-350-everyday,seen,everyday,tk,1.00000,1.00000,1.00000,1.00000
tk_hard,chunk_tkfmt,tkhard-tk-351-everyday,seen,everyday,tk,1.00000,1.00000,1.00000,1.00000
tk_hard,chunk_tkfmt,tkhard-tk-351.1-search,seen,search,tk,1.00000,1.00000,1.00000,1.00000
tk_hard,chunk_tkfmt,tkhard-tk-351.1-everyday,seen,everyday,tk,0.63093,1.00000,1.00000,0.50000
tk_hard,chunk_tkfmt,tkhard-tk-351.3-search,seen,search,tk,1.00000,1.00000,1.00000,1.00000
tk_hard,chunk_tkfmt,tkhard-tk-351.3-everyday,seen,everyday,tk,1.00000,1.00000,1.00000,1.00000
tk_hard,chunk_tkfmt,tkhard-tk-351.4-search,unseen_articles,search,tk,1.00000,1.00000,1.00000,1.00000
tk_hard,chunk_tkfmt,tkhard-tk-351.4-everyday,unseen_articles,everyday,tk,1.00000,1.00000,1.00000,1.00000
tk_hard,chunk_tkfmt,tkhard-tk-351.5-search,seen,search,tk,0.38685,1.00000,1.00000,0.20000
tk_hard,chunk_tkfmt,tkhard-tk-351.5-everyday,seen,everyday,tk,1.00000,1.00000,1.00000,1.00000
tk_hard,chunk_tkfmt,tkhard-tk-351.6-search,seen,search,tk,1.00000,1.00000,1.00000,1.00000
tk_hard,chunk_tkfmt,tkhard-tk-351.6-everyday,seen,everyday,tk,1.00000,1.00000,1.00000,1.00000
tk_hard,chunk_tkfmt,tkhard-tk-351.7-search,seen,search,tk,1.00000,1.00000,1.00000,1.00000
tk_hard,chunk_tkfmt,tkhard-tk-351.7-everyday,seen,everyday,tk,1.00000,1.00000,1.00000,1.00000
tk_hard,chunk_tkfmt,tkhard-tk-351.8-everyday,seen,everyday,tk,1.00000,1.00000,1.00000,1.00000
tk_hard,chunk_tkfmt,tkhard-tk-352-everyday,seen,everyday,tk,1.00000,1.00000,1.00000,1.00000
tk_hard,chunk_tkfmt,tkhard-tk-353-everyday,seen,everyday,tk,0.00000,0.00000,0.00000,0.00000
tk_hard,chunk_tkfmt,tkhard-tk-353.1-search,seen,search,tk,1.00000,1.00000,1.00000,1.00000
tk_hard,chunk_tkfmt,tkhard-tk-353.1-everyday,seen,everyday,tk,0.30103,0.00000,1.00000,0.11111
tk_hard,chunk_tkfmt,tkhard-tk-355-everyday,seen,everyday,tk,0.00000,0.00000,0.00000,0.00000
tk_hard,chunk_tkfmt,tkhard-tk-358-everyday,seen,everyday,tk,1.00000,1.00000,1.00000,1.00000
tk_hard,chunk_tkfmt,tkhard-tk-357-everyday,seen,everyday,tk,0.00000,0.00000,0.00000,0.00000
tk_hard,chunk_tkfmt,tkhard-tk-359-search,seen,search,tk,1.00000,1.00000,1.00000,1.00000
tk_hard,chunk_tkfmt,tkhard-tk-360.1-everyday,seen,everyday,tk,1.00000,1.00000,1.00000,1.00000
tk_hard,chunk_tkfmt,tkhard-tk-361-everyday,seen,everyday,tk,0.43068,1.00000,1.00000,0.25000
tk_hard,chunk_tkfmt,tkhard-tk-362-everyday,seen,everyday,tk,0.63093,1.00000,1.00000,0.50000
tk_hard,chunk_tkfmt,tkhard-tk-363-everyday,seen,everyday,tk,0.63093,1.00000,1.00000,0.50000
tk_hard,chunk_tkfmt,tkhard-tk-365-everyday,seen,everyday,tk,1.00000,1.00000,1.00000,1.00000
tk_hard,chunk_tkfmt,tkhard-tk-366-everyday,seen,everyday,tk,0.33333,0.00000,1.00000,0.14286
tk_hard,chunk_tkfmt,tkhard-tk-366-search,seen,search,tk,0.63093,1.00000,1.00000,0.50000
tk_hard,chunk_tkfmt,tkhard-tk-367-search,seen,search,tk,1.00000,1.00000,1.00000,1.00000
tk_hard,chunk_tkfmt,tkhard-tk-369-everyday,seen,everyday,tk,1.00000,1.00000,1.00000,1.00000
tk_hard,chunk_tkfmt,tkhard-tk-369-search,seen,search,tk,1.00000,1.00000,1.00000,1.00000
tk_hard,chunk_tkfmt,tkhard-tk-370-search,seen,search,tk,1.00000,1.00000,1.00000,1.00000
tk_hard,chunk_tkfmt,tkhard-tk-370-everyday,seen,everyday,tk,1.00000,1.00000,1.00000,1.00000
tk_hard,chunk_tkfmt,tkhard-tk-372-search,seen,search,tk,1.00000,1.00000,1.00000,1.00000
tk_hard,chunk_tkfmt,tkhard-tk-372-everyday,seen,everyday,tk,0.00000,0.00000,0.00000,0.00000
tk_hard,chunk_tkfmt,tkhard-tk-373-search,seen,search,tk,1.00000,1.00000,1.00000,1.00000
tk_hard,chunk_tkfmt,tkhard-tk-373-everyday,seen,everyday,tk,0.63093,1.00000,1.00000,0.50000
tk_hard,chunk_tkfmt,tkhard-tk-375-search,seen,search,tk,0.50000,1.00000,1.00000,0.33333
tk_hard,chunk_tkfmt,tkhard-tk-374-everyday,seen,everyday,tk,1.00000,1.00000,1.00000,1.00000
tk_hard,chunk_tkfmt,tkhard-tk-375-everyday,seen,everyday,tk,0.63093,1.00000,1.00000,0.50000
tk_hard,chunk_tkfmt,tkhard-tk-376-search,seen,search,tk,1.00000,1.00000,1.00000,1.00000
tk_hard,chunk_tkfmt,tkhard-tk-377-search,seen,search,tk,1.00000,1.00000,1.00000,1.00000
tk_hard,chunk_tkfmt,tkhard-tk-376-everyday,seen,everyday,tk,0.50000,1.00000,1.00000,0.33333
tk_hard,chunk_tkfmt,tkhard-tk-377-everyday,seen,everyday,tk,1.00000,1.00000,1.00000,1.00000
tk_hard,chunk_tkfmt,tkhard-tk-378-search,seen,search,tk,1.00000,1.00000,1.00000,1.00000
tk_hard,chunk_tkfmt,tkhard-tk-378-everyday,seen,everyday,tk,0.00000,0.00000,0.00000,0.00000
tk_hard,chunk_tkfmt,tkhard-tk-379-search,unseen_articles,search,tk,1.00000,1.00000,1.00000,1.00000
tk_hard,chunk_tkfmt,tkhard-tk-383-everyday,seen,everyday,tk,0.30103,0.00000,1.00000,0.11111
tk_hard,chunk_tkfmt,tkhard-tk-379-everyday,unseen_articles,everyday,tk,0.00000,0.00000,0.00000,0.00000
tk_hard,chunk_tkfmt,tkhard-tk-384-everyday,seen,everyday,tk,1.00000,1.00000,1.00000,1.00000
tk_hard,chunk_tkfmt,tkhard-tk-385-everyday,seen,everyday,tk,0.38685,1.00000,1.00000,0.20000
tk_hard,chunk_tkfmt,tkhard-tk-386-everyday,seen,everyday,tk,0.38685,1.00000,1.00000,0.20000
tk_hard,chunk_tkfmt,tkhard-tk-387-everyday,seen,everyday,tk,1.00000,1.00000,1.00000,1.00000
tk_hard,chunk_tkfmt,tkhard-tk-388-everyday,seen,everyday,tk,1.00000,1.00000,1.00000,1.00000
tk_hard,chunk_tkfmt,tkhard-tk-389-search,seen,search,tk,1.00000,1.00000,1.00000,1.00000
tk_hard,chunk_tkfmt,tkhard-tk-390-everyday,seen,everyday,tk,0.63093,1.00000,1.00000,0.50000
tk_hard,chunk_tkfmt,tkhard-tk-389-everyday,seen,everyday,tk,1.00000,1.00000,1.00000,1.00000
tk_hard,chunk_tkfmt,tkhard-tk-391-search,seen,search,tk,1.00000,1.00000,1.00000,1.00000
tk_hard,chunk_tkfmt,tkhard-tk-391-everyday,seen,everyday,tk,0.38685,1.00000,1.00000,0.20000
tk_hard,chunk_tkfmt,tkhard-tk-393-search,unseen_articles,search,tk,1.00000,1.00000,1.00000,1.00000
tk_hard,chunk_tkfmt,tkhard-tk-394-search,seen,search,tk,0.50000,1.00000,1.00000,0.33333
tk_hard,chunk_tkfmt,tkhard-tk-393-everyday,unseen_articles,everyday,tk,1.00000,1.00000,1.00000,1.00000
tk_hard,chunk_tkfmt,tkhard-tk-394-everyday,seen,everyday,tk,0.63093,1.00000,1.00000,0.50000
tk_hard,chunk_tkfmt,tkhard-tk-396-everyday,seen,everyday,tk,0.63093,1.00000,1.00000,0.50000
tk_hard,chunk_tkfmt,tkhard-tk-395-everyday,seen,everyday,tk,0.33333,0.00000,1.00000,0.14286
tk_hard,chunk_tkfmt,tkhard-tk-397-search,seen,search,tk,1.00000,1.00000,1.00000,1.00000
tk_hard,chunk_tkfmt,tkhard-tk-398-search,seen,search,tk,1.00000,1.00000,1.00000,1.00000
tk_hard,chunk_tkfmt,tkhard-tk-397-everyday,seen,everyday,tk,1.00000,1.00000,1.00000,1.00000
tk_hard,chunk_tkfmt,tkhard-tk-398-everyday,seen,everyday,tk,0.00000,0.00000,0.00000,0.00000
tk_hard,chunk_tkfmt,tkhard-tk-399-search,seen,search,tk,1.00000,1.00000,1.00000,1.00000
tk_hard,chunk_tkfmt,tkhard-tk-399-everyday,seen,everyday,tk,1.00000,1.00000,1.00000,1.00000
tk_hard,chunk_tkfmt,tkhard-tk-400-search,seen,search,tk,1.00000,1.00000,1.00000,1.00000
tk_hard,chunk_tkfmt,tkhard-tk-400-everyday,seen,everyday,tk,1.00000,1.00000,1.00000,1.00000
tk_hard,chunk_tkfmt,tkhard-tk-402-everyday,seen,everyday,tk,0.35621,0.00000,1.00000,0.16667
tk_hard,chunk_tkfmt,tkhard-tk-401-everyday,seen,everyday,tk,0.38685,1.00000,1.00000,0.20000
tk_hard,chunk_tkfmt,tkhard-tk-403-search,seen,search,tk,1.00000,1.00000,1.00000,1.00000
tk_hard,chunk_tkfmt,tkhard-tk-404-everyday,seen,everyday,tk,1.00000,1.00000,1.00000,1.00000
tk_hard,chunk_tkfmt,tkhard-tk-403-everyday,seen,everyday,tk,1.00000,1.00000,1.00000,1.00000
tk_hard,chunk_tkfmt,tkhard-tk-405-search,seen,search,tk,1.00000,1.00000,1.00000,1.00000
tk_hard,chunk_tkfmt,tkhard-tk-405-everyday,seen,everyday,tk,1.00000,1.00000,1.00000,1.00000
tk_hard,chunk_tkfmt,tkhard-tk-406-everyday,seen,everyday,tk,1.00000,1.00000,1.00000,1.00000
tk_hard,chunk_tkfmt,tkhard-tk-407-search,seen,search,tk,1.00000,1.00000,1.00000,1.00000
tk_hard,chunk_tkfmt,tkhard-tk-407-everyday,seen,everyday,tk,0.63093,1.00000,1.00000,0.50000
tk_hard,chunk_tkfmt,tkhard-tk-408-search,seen,search,tk,0.63093,1.00000,1.00000,0.50000
tk_hard,chunk_tkfmt,tkhard-tk-408-everyday,seen,everyday,tk,0.00000,0.00000,0.00000,0.00000
tk_hard,chunk_tkfmt,tkhard-tk-409-everyday,seen,everyday,tk,0.63093,1.00000,1.00000,0.50000
tk_hard,chunk_tkfmt,tkhard-tk-410-everyday,seen,everyday,tk,1.00000,1.00000,1.00000,1.00000
tk_hard,chunk_tkfmt,tkhard-tk-412-search,seen,search,tk,1.00000,1.00000,1.00000,1.00000
tk_hard,chunk_tkfmt,tkhard-tk-412-everyday,seen,everyday,tk,1.00000,1.00000,1.00000,1.00000
tk_hard,chunk_tkfmt,tkhard-tk-414-search,seen,search,tk,1.00000,1.00000,1.00000,1.00000
tk_hard,chunk_tkfmt,tkhard-tk-414-everyday,seen,everyday,tk,0.43068,1.00000,1.00000,0.25000
tk_hard,chunk_tkfmt,tkhard-tk-413-everyday,seen,everyday,tk,1.00000,1.00000,1.00000,1.00000
tk_hard,chunk_tkfmt,tkhard-tk-415-everyday,seen,everyday,tk,0.31546,0.00000,1.00000,0.12500
tk_hard,chunk_tkfmt,tkhard-tk-416-everyday,seen,everyday,tk,0.28906,0.00000,1.00000,0.10000
tk_hard,chunk_tkfmt,tkhard-tk-417-search,seen,search,tk,1.00000,1.00000,1.00000,1.00000
tk_hard,chunk_tkfmt,tkhard-tk-418-search,seen,search,tk,0.43068,1.00000,1.00000,0.25000
tk_hard,chunk_tkfmt,tkhard-tk-417-everyday,seen,everyday,tk,0.43068,1.00000,1.00000,0.25000
tk_hard,chunk_tkfmt,tkhard-tk-418-everyday,seen,everyday,tk,0.28906,0.00000,1.00000,0.10000
tk_hard,chunk_tkfmt,tkhard-tk-421-search,seen,search,tk,1.00000,1.00000,1.00000,1.00000
tk_hard,chunk_tkfmt,tkhard-tk-419-everyday,seen,everyday,tk,0.00000,0.00000,0.00000,0.00000
tk_hard,chunk_tkfmt,tkhard-tk-421-everyday,seen,everyday,tk,0.63093,1.00000,1.00000,0.50000
tk_hard,chunk_tkfmt,tkhard-tk-422-search,seen,search,tk,1.00000,1.00000,1.00000,1.00000
tk_hard,chunk_tkfmt,tkhard-tk-423-search,seen,search,tk,0.00000,0.00000,0.00000,0.00000
tk_hard,chunk_tkfmt,tkhard-tk-422-everyday,seen,everyday,tk,0.50000,1.00000,1.00000,0.33333
tk_hard,chunk_tkfmt,tkhard-tk-423-everyday,seen,everyday,tk,1.00000,1.00000,1.00000,1.00000
tk_hard,chunk_tkfmt,tkhard-tk-424-search,seen,search,tk,1.00000,1.00000,1.00000,1.00000
tk_hard,chunk_tkfmt,tkhard-tk-424-everyday,seen,everyday,tk,0.00000,0.00000,0.00000,0.00000
